3.853087837342172861e-04
3.354022919666022062e-04
3.040907031390815973e-04
3.636530309449881315e-04
2.824018883984535933e-04
3.511677496135234833e-04
3.631877480074763298e-04
3.910122322849929333e-04
3.350181505084037781e-04
2.976851537823677063e-04
3.686851705424487591e-04
3.278755757492035627e-04
3.237875935155898333e-04
3.654671600088477135e-04
3.407989279367029667e-04
4.042313667014241219e-04
3.615461755543947220e-04
3.306902945041656494e-04
3.641925286501646042e-04
3.892570093739777803e-04
3.656239714473485947e-04
3.692102327477186918e-04
3.838109842035919428e-04
3.760036197490990162e-04
3.725805145222693682e-04
3.047193749807775021e-04
3.500742895994335413e-04
3.967590746469795704e-04
3.445057664066553116e-04
4.018385661765933037e-04
3.780615224968641996e-04
3.203436499461531639e-04
3.384183801244944334e-04
3.676784399431198835e-04
3.505162603687494993e-04
3.205205430276691914e-04
3.446014306973665953e-04
3.377216344233602285e-04
4.008573887404054403e-04
3.274527844041585922e-04
2.960927085950970650e-04
3.514575073495507240e-04
3.278238582424819469e-04
3.356783417984843254e-04
3.758521052077412605e-04
3.626797406468540430e-04
3.181394131388515234e-04
3.385425370652228594e-04
3.580615739338099957e-04
3.984022187069058418e-04
3.223639796487987041e-04
3.645881952252238989e-04
3.441587905399501324e-04
3.836829855572432280e-04
3.605848469305783510e-04
2.940145495813339949e-04
3.364799194969236851e-04
3.695536288432776928e-04
3.515605931170284748e-04
3.770979237742722034e-04
3.770099428948014975e-04
3.526950313244014978e-04
3.462884633336216211e-04
3.761124098673462868e-04
3.383675066288560629e-04
3.507981891743838787e-04
3.208581765647977591e-04
3.454672405496239662e-04
3.340115072205662727e-04
3.513065457809716463e-04
3.806145105045288801e-04
3.654722822830080986e-04
3.656080225482583046e-04
3.245431871619075537e-04
3.517754666972905397e-04
2.795706968754529953e-04
3.558112075552344322e-04
3.213879535906016827e-04
3.141905181109905243e-04
3.800267877522855997e-04
3.009920474141836166e-04
3.620635252445936203e-04
3.470699884928762913e-04
3.811927745118737221e-04
3.491656098049134016e-04
3.710521268658339977e-04
3.711689787451177835e-04
3.283718542661517859e-04
3.273169859312474728e-04
3.833320515695959330e-04
3.607658727560192347e-04
3.086137294303625822e-04
3.832598158624023199e-04
3.555401344783604145e-04
3.760230611078441143e-04
3.632070729508996010e-04
3.741164400707930326e-04
3.230732691008597612e-04
3.792259085457772017e-04
3.236115153413265944e-04
3.895359695889055729e-04
3.573181165847927332e-04
3.334592038299888372e-04
3.358758985996246338e-04
4.092380113434046507e-04
3.726787690538913012e-04
3.493275144137442112e-04
3.326142905279994011e-04
3.235047915950417519e-04
3.576544404495507479e-04
3.147284151054918766e-04
3.411586803849786520e-04
3.996507148258388042e-04
3.677593194879591465e-04
3.264260303694754839e-04
3.789699112530797720e-04
3.850900684483349323e-04
3.484912449494004250e-04
3.280625096522271633e-04
3.580900083761662245e-04
3.630686551332473755e-04
3.256031195633113384e-04
3.728415467776358128e-04
3.241530503146350384e-04
3.448534116614609957e-04
3.077379369642585516e-04
3.710548917297273874e-04
3.842538862954825163e-04
3.374699444975703955e-04
2.780939976219087839e-04
3.341192496009171009e-04
3.101914189755916595e-04
3.487764624878764153e-04
3.418871201574802399e-04
3.553076821845024824e-04
3.729932650458067656e-04
4.033485893160104752e-04
3.365903685335069895e-04
3.515318385325372219e-04
3.698611399158835411e-04
3.276222851127386093e-04
3.658763307612389326e-04
3.634642052929848433e-04
3.839127894025295973e-04
3.478857106529176235e-04
3.968261007685214281e-04
3.516790457069873810e-04
3.713700571097433567e-04
3.746889124158769846e-04
3.647951525636017323e-04
3.855736576952040195e-04
3.672628372441977262e-04
3.410878998693078756e-04
3.277140785939991474e-04
3.557154850568622351e-04
2.785554970614612103e-04
3.773172793444246054e-04
3.551059635356068611e-04
4.002887872047722340e-04
3.920695453416556120e-04
3.466653579380363226e-04
3.764031280297785997e-04
3.452608943916857243e-04
3.809261252172291279e-04
3.797816170845180750e-04
3.607745748013257980e-04
3.199568600393831730e-04
3.061230527237057686e-04
3.736308717634528875e-04
3.310622705612331629e-04
3.808514447882771492e-04
3.930569218937307596e-04
3.302015247754752636e-04
3.661428345367312431e-04
3.954319399781525135e-04
3.743093984667211771e-04
3.202038642484694719e-04
3.821115242317318916e-04
3.631335857789963484e-04
3.536370641086250544e-04
3.894596302416175604e-04
3.532695409376174212e-04
3.908734652213752270e-04
3.403041046112775803e-04
3.279109660070389509e-04
3.873474779538810253e-04
3.950805112253874540e-04
3.423742891754955053e-04
3.673714527394622564e-04
3.455598489381372929e-04
3.595525922719389200e-04
3.508011868689209223e-04
3.478909784462302923e-04
3.795909869950264692e-04
3.631015133578330278e-04
3.306106373202055693e-04
3.673241299111396074e-04
3.424752212595194578e-04
3.418604610487818718e-04
3.802698338404297829e-04
3.231588925700634718e-04
3.671591111924499273e-04
3.672549792099744081e-04
3.358458925504237413e-04
3.682318783830851316e-04
3.149733529426157475e-04
3.068864170927554369e-04
3.390898345969617367e-04
3.538068849593400955e-04
3.627014230005443096e-04
3.419474523980170488e-04
3.860835859086364508e-04
3.288581501692533493e-04
3.625410608947277069e-04
3.672814054880291224e-04
3.288489824626594782e-04
3.390540077816694975e-04
3.730757453013211489e-04
3.315135836601257324e-04
3.101525362581014633e-04
3.250791341997683048e-04
3.909395600203424692e-04
3.618242044467478991e-04
3.120185283478349447e-04
3.681290836539119482e-04
3.272649773862212896e-04
2.974351518787443638e-04
3.485539928078651428e-04
3.687372663989663124e-04
3.484153712633997202e-04
3.598598414100706577e-04
3.223661333322525024e-04
3.630748251453042030e-04
3.120540641248226166e-04
2.958600525744259357e-04
2.818695211317390203e-04
2.728135150391608477e-04
3.658705099951475859e-04
3.837525146082043648e-04
3.478459257166832685e-04
3.768734459299594164e-04
3.701990644913166761e-04
3.581057535484433174e-04
3.770260955207049847e-04
3.318096860311925411e-04
3.618312766775488853e-04
3.753401688300073147e-04
3.907666832674294710e-04
2.853239420801401138e-04
3.708626027218997478e-04
3.611041756812483072e-04
2.978332340717315674e-04
3.540698962751775980e-04
3.380601701792329550e-04
3.238049976062029600e-04
3.526611835695803165e-04
3.476596320979297161e-04
3.604601079132407904e-04
3.654200409073382616e-04
3.340085095260292292e-04
3.560384502634406090e-04
3.655878535937517881e-04
3.504508349578827620e-04
3.881905868183821440e-04
3.642972151283174753e-04
3.121506015304476023e-04
3.395995590835809708e-04
3.818374243564903736e-04
3.663164388854056597e-04
3.830585919786244631e-04
3.306442522443830967e-04
2.834559418261051178e-04
4.025034431833773851e-04
3.346928860992193222e-04
3.255973570048809052e-04
2.802987874019891024e-04
3.606039390433579683e-04
3.793564974330365658e-04
3.511655086185783148e-04
2.755652240011841059e-04
3.180645871907472610e-04
3.638916241470724344e-04
3.971174010075628757e-04
3.623025550041347742e-04
3.512538969516754150e-04
3.153896541334688663e-04
3.689229488372802734e-04
3.142546920571476221e-04
3.416767576709389687e-04
3.534930583555251360e-04
3.624490927904844284e-04
3.927484794985502958e-04
3.936364955734461546e-04
3.657596826087683439e-04
3.804580483119934797e-04
3.077810397371649742e-04
3.180096682626754045e-04
3.549333196133375168e-04
3.728425945155322552e-04
3.453176468610763550e-04
3.612217551562935114e-04
3.632162115536630154e-04
3.699411463458091021e-04
3.229510912206023932e-04
3.307140141259878874e-04
3.784086729865521193e-04
3.539109602570533752e-04
3.735813079401850700e-04
3.327775630168616772e-04
3.257822536397725344e-04
3.908691287506371737e-04
3.765027795452624559e-04
3.780852130148559809e-04
3.539856406860053539e-04
3.016569244209676981e-04
3.581122145988047123e-04
3.343592397868633270e-04
3.796440723817795515e-04
3.649770515039563179e-04
3.898387076333165169e-04
3.114539722446352243e-04
3.615831956267356873e-04
3.753332130145281553e-04
3.723961999639868736e-04
3.305342397652566433e-04
3.548941167537122965e-04
3.858997661154717207e-04
3.547021478880196810e-04
3.816565731540322304e-04
3.398114058654755354e-04
3.202270308975130320e-04
3.487138310447335243e-04
3.096542786806821823e-04
3.523821360431611538e-04
3.932712133973836899e-04
3.186812973581254482e-04
3.183019871357828379e-04
3.538032760843634605e-04
3.590628912206739187e-04
3.874953545164316893e-04
4.031852295156568289e-04
3.309090971015393734e-04
3.039291477762162685e-04
3.522796905599534512e-04
3.484726184979081154e-04
3.241554368287324905e-04
3.209859714843332767e-04
3.043277538381516933e-04
3.744971472769975662e-04
3.386607568245381117e-04
3.653349704109132290e-04
3.548040986061096191e-04
3.842946316581219435e-04
3.760412510018795729e-04
3.650863363873213530e-04
3.225555701646953821e-04
3.235829935874789953e-04
3.313470224384218454e-04
3.131857374683022499e-04
3.816864336840808392e-04
3.480277955532073975e-04
2.828955766744911671e-04
3.310717293061316013e-04
3.321006079204380512e-04
3.430290380492806435e-04
3.579285112209618092e-04
3.193742886651307344e-04
3.368161851540207863e-04
3.168356197420507669e-04
3.560261684469878674e-04
3.905929916072636843e-04
3.459818544797599316e-04
3.659719950519502163e-04
3.612617438193410635e-04
3.507615474518388510e-04
3.835828974843025208e-04
3.470235096756368876e-04
3.858346317429095507e-04
3.745776775758713484e-04
3.770642506424337626e-04
3.711763711180537939e-04
3.732685581780970097e-04
3.250798908993601799e-04
3.359613474458456039e-04
3.820158308371901512e-04
3.801204147748649120e-04
3.794419462792575359e-04
3.157512983307242393e-04
4.028039111290127039e-04
3.551910049282014370e-04
3.041063027922064066e-04
3.336869995109736919e-04
3.391300560906529427e-04
3.555718285497277975e-04
3.844452730845659971e-04
3.709935699589550495e-04
3.315361973363906145e-04
3.647519333753734827e-04
3.758483799174427986e-04
3.149790281895548105e-04
3.750253817997872829e-04
3.706149873323738575e-04
4.061904328409582376e-04
3.670032019726932049e-04
3.809583431575447321e-04
3.879376454278826714e-04
3.834996023215353489e-04
3.290143795311450958e-04
3.352897765580564737e-04
3.487226786091923714e-04
3.515850694384425879e-04
3.986192168667912483e-04
3.524203784763813019e-04
3.842232690658420324e-04
3.386215539649128914e-04
3.730849421117454767e-04
3.151201235596090555e-04
3.459036815911531448e-04
3.636663896031677723e-04
3.676165943033993244e-04
3.691656747832894325e-04
3.920792369171977043e-04
3.422722511459141970e-04
3.751793992705643177e-04
4.014483420178294182e-04
3.660377115011215210e-04
3.767649177461862564e-04
3.030836232937872410e-04
3.347590100020170212e-04
3.691136662382632494e-04
3.289096930529922247e-04
3.875527181662619114e-04
3.598493640311062336e-04
3.078930894844233990e-04
3.574879665393382311e-04
2.911710471380501986e-04
3.326515725348144770e-04
3.306500730104744434e-04
3.714220947585999966e-04
3.243638784624636173e-04
3.766298468690365553e-04
3.098508168477565050e-04
3.528502129483968019e-04
3.300958196632564068e-04
3.502619219943881035e-04
3.816904500126838684e-04
3.723264380823820829e-04
3.408706688787788153e-04
3.041966701857745647e-04
3.593902220018208027e-04
3.915143315680325031e-04
3.834402305074036121e-04
3.723182599060237408e-04
3.727989969775080681e-04
3.313900670036673546e-04
4.005509545095264912e-04
4.052844305988401175e-04
2.991100773215293884e-04
3.452677046880125999e-04
3.918930888175964355e-04
3.456419799476861954e-04
3.802891296800225973e-04
3.006175102200359106e-04
3.560480836313217878e-04
3.774945507757365704e-04
3.454322868492454290e-04
3.385915770195424557e-04
3.600451746024191380e-04
3.610079002100974321e-04
3.746068105101585388e-04
3.921305760741233826e-04
3.483710461296141148e-04
3.317384689580649137e-04
3.115447179879993200e-04
3.285974671598523855e-04
3.597590257413685322e-04
3.969806421082466841e-04
3.779804392252117395e-04
3.451848460827022791e-04
3.088207740802317858e-04
3.298880765214562416e-04
3.409277705941349268e-04
3.476593992672860622e-04
3.394749655853956938e-04
3.342010022606700659e-04
3.355329390615224838e-04
3.554571012500673532e-04
3.673606552183628082e-04
3.016506379935890436e-04
3.532237315084785223e-04
3.353428328409790993e-04
3.384198935236781836e-04
3.501799074001610279e-04
3.827644977718591690e-04
4.051438008900731802e-04
3.268113359808921814e-04
3.070942184422165155e-04
3.301970718894153833e-04
3.691700112540274858e-04
3.686200361698865891e-04
3.718227671924978495e-04
3.733914345502853394e-04
3.033788234461098909e-04
3.800736158154904842e-04
3.191296418663114309e-04
3.790835908148437738e-04
3.586406528484076262e-04
3.664338146336376667e-04
3.692426253110170364e-04
3.587151295505464077e-04
3.455167170614004135e-04
3.453608660493046045e-04
3.084312193095684052e-04
3.674317267723381519e-04
3.636661276686936617e-04
3.701924579218029976e-04
3.207002882845699787e-04
3.783388528972864151e-04
3.473412652965635061e-04
3.203047672286629677e-04
3.857983974739909172e-04
3.336471563670784235e-04
3.878319694194942713e-04
3.452379314694553614e-04
3.302047844044864178e-04
3.303218691144138575e-04
3.380297857802361250e-04
3.350408805999904871e-04
3.109333920292556286e-04
3.643700038082897663e-04
3.814733645413070917e-04
3.012476081494241953e-04
3.851821820717304945e-04
3.526877262629568577e-04
3.242790990043431520e-04
3.615270543377846479e-04
3.715071361511945724e-04
3.484550106804817915e-04
3.423316811677068472e-04
3.463219036348164082e-04
3.279857337474822998e-04
3.914977132808417082e-04
3.446336486376821995e-04
3.426616603974252939e-04
3.361188864801079035e-04
3.430725482758134604e-04
3.563599311746656895e-04
3.548002860043197870e-04
3.589455154724419117e-04
3.896408597938716412e-04
3.841812431346625090e-04
3.968743549194186926e-04
3.990777477156370878e-04
3.216259065084159374e-04
3.939442394766956568e-04
3.639599599409848452e-04
3.406457253731787205e-04
3.335662477184087038e-04
3.523277118802070618e-04
3.492962277960032225e-04
3.349384933244436979e-04
3.342861600685864687e-04
3.308549348730593920e-04
3.837362746708095074e-04
3.859965363517403603e-04
3.319864626973867416e-04
3.202483057975769043e-04
3.126769443042576313e-04
3.542395716067403555e-04
3.307778679300099611e-04
3.371399070601910353e-04
3.491917450446635485e-04
3.446413611527532339e-04
3.074619744438678026e-04
3.735997306648641825e-04
3.223173262085765600e-04
3.829585330095142126e-04
3.844499296974390745e-04
3.540391335263848305e-04
3.758660459425300360e-04
3.527770750224590302e-04
3.839351993519812822e-04
2.812293241731822491e-04
3.537182928994297981e-04
3.777724341489374638e-04
3.206020337529480457e-04
3.425016475375741720e-04
3.245106781832873821e-04
3.253386239521205425e-04
3.065527416765689850e-04
3.987322561442852020e-04
3.155457961838692427e-04
3.714111808221787214e-04
3.073870902881026268e-04
3.746684815268963575e-04
3.226963453926146030e-04
3.225411928724497557e-04
3.556156298145651817e-04
3.508440568111836910e-04
3.980421461164951324e-04
3.653884923551231623e-04
3.872538218274712563e-04
2.815986808855086565e-04
3.039017028640955687e-04
3.400729037821292877e-04
3.950367972720414400e-04
2.956740208901464939e-04
3.313142515253275633e-04
3.424482711125165224e-04
3.924951888620853424e-04
3.620674542617052794e-04
3.587376268114894629e-04
3.629831189755350351e-04
3.692527534440159798e-04
3.688609867822378874e-04
3.620179195422679186e-04
3.102811460848897696e-04
3.168950497638434172e-04
3.282734833192080259e-04
3.671553859021514654e-04
3.695031919050961733e-04
2.914507640525698662e-04
3.759071405511349440e-04
3.577852330636233091e-04
3.345212317071855068e-04
4.008830874226987362e-04
3.791493945755064487e-04
3.847438783850520849e-04
3.302841214463114738e-04
3.807211469393223524e-04
3.512473194859921932e-04
3.423849411774426699e-04
3.308890736661851406e-04
3.729494055733084679e-04
3.777309902943670750e-04
3.628677222877740860e-04
3.306736762169748545e-04
3.195180615875869989e-04
3.313824418000876904e-04
3.667182463686913252e-04
3.696996136568486691e-04
3.261085657868534327e-04
3.746549482457339764e-04
3.828414191957563162e-04
3.933357656933367252e-04
3.321304975543171167e-04
3.476521815173327923e-04
3.738782834261655807e-04
2.983694139402359724e-04
3.172663273289799690e-04
3.587634710129350424e-04
3.050106752198189497e-04
3.506038337945938110e-04
3.748298913706094027e-04
3.894867550116032362e-04
3.882531309500336647e-04
3.824823943432420492e-04
3.737714432645589113e-04
3.192433214280754328e-04
3.384615993127226830e-04
2.945133310277014971e-04
3.415374085307121277e-04
3.536251897457987070e-04
3.358393150847405195e-04
3.663827374111860991e-04
3.692192258313298225e-04
3.742469998542219400e-04
3.406892647035419941e-04
3.556278243195265532e-04
3.556834417395293713e-04
3.766164008993655443e-04
3.102399059571325779e-04
3.181758220307528973e-04
3.570023109205067158e-04
3.724093839991837740e-04
3.560185432434082031e-04
3.785195585805922747e-04
3.364631556905806065e-04
3.717181098181754351e-04
3.307109291199594736e-04
2.914083306677639484e-04
3.303960256744176149e-04
3.429916978348046541e-04
3.547955711837857962e-04
3.295356000307947397e-04
3.694119222927838564e-04
3.126813098788261414e-04
3.653982421383261681e-04
3.817440883722156286e-04
3.627125406637787819e-04
3.481558233033865690e-04
3.717568179126828909e-04
3.789275651797652245e-04
3.519831225275993347e-04
3.474560508038848639e-04
3.680270456243306398e-04
3.611027786973863840e-04
3.629427810665220022e-04
3.776455996558070183e-04
3.620977513492107391e-04
3.992607526015490294e-04
3.723871777765452862e-04
3.501986793708056211e-04
3.103067865595221519e-04
3.737772931344807148e-04
3.774230426643043756e-04
3.793065261561423540e-04
3.532543487381190062e-04
2.875273639801889658e-04
3.238309000153094530e-04
3.850251960102468729e-04
3.609003906603902578e-04
3.618885821197181940e-04
3.665719123091548681e-04
3.736469661816954613e-04
3.156779857818037271e-04
3.678613575175404549e-04
4.092729650437831879e-04
3.576024319045245647e-04
3.347166348248720169e-04
2.991973306052386761e-04
3.529137466102838516e-04
3.318912349641323090e-04
3.311666660010814667e-04
3.705452836584299803e-04
3.883314493577927351e-04
3.840870922431349754e-04
3.532248083502054214e-04
3.254980256315320730e-04
3.562127531040459871e-04
3.456113336142152548e-04
3.795326338149607182e-04
3.700227243825793266e-04
3.704777336679399014e-04
2.953798102680593729e-04
3.437790146563202143e-04
3.708373114932328463e-04
3.396361717022955418e-04
3.544200735632330179e-04
3.671508748084306717e-04
3.723208792507648468e-04
3.681963717099279165e-04
3.858226409647613764e-04
3.250344889238476753e-04
3.185847599525004625e-04
3.318350936751812696e-04
3.688034776132553816e-04
3.783704887609928846e-04
3.455291735008358955e-04
3.960659960284829140e-04
3.850415232591331005e-04
3.925571800209581852e-04
3.202838997822254896e-04
3.650430880952626467e-04
3.500584280118346214e-04
3.487101057544350624e-04
3.472357930149883032e-04
3.362541028764098883e-04
2.875360369216650724e-04
3.457208804320544004e-04
3.484055923763662577e-04
3.769620379898697138e-04
3.714000631589442492e-04
3.443592577241361141e-04
3.717166255228221416e-04
3.412101068533957005e-04
3.462425665929913521e-04
3.287701983936131001e-04
3.252666792832314968e-04
3.494347329251468182e-04
3.865495964419096708e-04
3.861084114760160446e-04
3.649427962955087423e-04
3.932677500415593386e-04
3.551662375684827566e-04
3.603431687224656343e-04
3.304689016658812761e-04
3.253699105698615313e-04
3.270750457886606455e-04
3.305794089101254940e-04
4.068895359523594379e-04
3.291249740868806839e-04
3.166118403896689415e-04
3.433777310419827700e-04
3.807473403867334127e-04
3.568489628378301859e-04
3.558346070349216461e-04
3.156577295158058405e-04
3.421833098400384188e-04
3.466033958829939365e-04
3.664072719402611256e-04
3.693586913868784904e-04
3.186417452525347471e-04
3.507481305859982967e-04
3.719225933309644461e-04
3.899538132827728987e-04
3.608977131079882383e-04
3.198111662641167641e-04
3.762219857890158892e-04
3.645581018645316362e-04
3.432229568716138601e-04
3.797025419771671295e-04
3.536112781148403883e-04
3.638563212007284164e-04
3.900270676240324974e-04
3.317245864309370518e-04
3.398249682504683733e-04
3.732896875590085983e-04
3.791173512581735849e-04
3.632179286796599627e-04
3.690424491651356220e-04
3.847440821118652821e-04
3.731681499630212784e-04
3.585676895454525948e-04
3.586168750189244747e-04
3.393646911717951298e-04
3.460813022684305906e-04
3.403036098461598158e-04
3.801738494075834751e-04
3.229600260965526104e-04
3.375442174728959799e-04
3.572430578060448170e-04
3.307505394332110882e-04
3.263882535975426435e-04
3.282642574049532413e-04
3.684344701468944550e-04
3.887062193825840950e-04
3.690003068186342716e-04
3.469555813353508711e-04
3.095993597526103258e-04
3.530676767695695162e-04
3.877034760080277920e-04
3.416711988393217325e-04
3.857492993120104074e-04
3.393344813957810402e-04
3.727420989889651537e-04
3.367850149516016245e-04
3.901566378772258759e-04
2.860215026885271072e-04
3.384664014447480440e-04
3.492194518912583590e-04
3.431912628002464771e-04
3.992126439698040485e-04
3.637084446381777525e-04
3.486692148726433516e-04
3.257191856391727924e-04
3.338373498991131783e-04
3.844061866402626038e-04
3.604523662943392992e-04
3.674276813399046659e-04
3.503068874124437571e-04
3.177188918925821781e-04
3.957142762374132872e-04
3.794865624513477087e-04
3.226696571800857782e-04
3.603241057135164738e-04
3.599493356887251139e-04
3.449243376962840557e-04
4.092622839380055666e-04
3.522328042890876532e-04
3.780930710490792990e-04
3.670910373330116272e-04
3.954074927605688572e-04
3.620895731728523970e-04
3.146708768326789141e-04
3.679606597870588303e-04
3.512000257615000010e-04
3.510484821163117886e-04
3.584167570807039738e-04
3.117377345915883780e-04
3.457986749708652496e-04
3.722620313055813313e-04
3.608408151194453239e-04
3.895884437952190638e-04
3.892884124070405960e-04
3.123457718174904585e-04
3.086395154241472483e-04
3.452145319897681475e-04
3.531863330863416195e-04
3.266876447014510632e-04
3.290764871053397655e-04
3.412504447624087334e-04
3.507040673866868019e-04
3.423682355787605047e-04
3.228681744076311588e-04
3.723883419297635555e-04
3.025558544322848320e-04
3.634912718553096056e-04
3.631062863860279322e-04
3.719092637766152620e-04
2.764069067779928446e-04
3.642248339019715786e-04
3.606916870921850204e-04
3.321864351164549589e-04
3.405786410439759493e-04
3.647710836958140135e-04
3.576577873900532722e-04
3.021911834366619587e-04
2.974133240059018135e-04
3.280672826804220676e-04
3.848338674288243055e-04
3.296672657597810030e-04
3.560489567462354898e-04
3.776302619371563196e-04
3.330649342387914658e-04
3.172739816363900900e-04
3.647623816505074501e-04
3.351268242113292217e-04
2.919118851423263550e-04
3.477194986771792173e-04
3.776749363169074059e-04
3.778420505113899708e-04
3.058820147998631001e-04
3.490445087663829327e-04
3.577735333237797022e-04
3.668117278721183538e-04
3.453816170804202557e-04
3.109929675702005625e-04
3.600463096518069506e-04
3.781210689339786768e-04
3.795760276261717081e-04
3.871654917020350695e-04
3.779636463150382042e-04
3.846153849735856056e-04
3.930666134692728519e-04
3.087970544584095478e-04
3.379518166184425354e-04
3.592455759644508362e-04
3.770123003050684929e-04
3.340837720315903425e-04
3.305377031210809946e-04
3.666222910396754742e-04
3.193920420017093420e-04
3.624010714702308178e-04
3.629069542512297630e-04
3.311885229777544737e-04
3.521498001646250486e-04
3.705851268023252487e-04
3.489615919534116983e-04
3.437871346250176430e-04
3.961519105359911919e-04
3.501455066725611687e-04
3.953793784603476524e-04
3.018979914486408234e-04
3.258041688241064548e-04
3.633839951362460852e-04
3.641458461061120033e-04
3.640773647930473089e-04
2.940875128842890263e-04
3.974589926656335592e-04
3.072848194278776646e-04
3.822003782261162996e-04
3.720768436323851347e-04
3.519913589116185904e-04
3.571558045223355293e-04
3.178779734298586845e-04
3.778869868256151676e-04
3.631674917414784431e-04
3.523316700011491776e-04
2.966485626529902220e-04
3.684961411636322737e-04
3.656513872556388378e-04
3.888220526278018951e-04
3.527649969328194857e-04
3.779082035180181265e-04
3.490777453407645226e-04
3.733238554559648037e-04
3.714662452694028616e-04
3.548776148818433285e-04
3.658043278846889734e-04
3.524589410517364740e-04
2.912216295953840017e-04
3.202737716492265463e-04
4.004446091130375862e-04
3.436550032347440720e-04
3.665928379632532597e-04
3.686915151774883270e-04
3.910390369128435850e-04
3.819635312538594007e-04
3.722729743458330631e-04
3.981307090725749731e-04
3.817603283096104860e-04
3.885319165419787169e-04
3.792523930314928293e-04
3.643890377134084702e-04
3.820179554168134928e-04
4.124249971937388182e-04
3.600728814490139484e-04
3.418834239710122347e-04
4.040421626996248960e-04
3.085347125306725502e-04
3.870715154334902763e-04
3.751742187887430191e-04
3.184876404702663422e-04
3.008914936799556017e-04
2.947921748273074627e-04
3.848662890959531069e-04
3.481938911136239767e-04
3.620386123657226562e-04
3.265545819886028767e-04
3.210080321878194809e-04
3.972137346863746643e-04
3.569459950085729361e-04
3.347843012306839228e-04
3.354779910296201706e-04
3.437626291997730732e-04
3.357755485922098160e-04
2.955280651804059744e-04
3.648072888609021902e-04
3.744433633983135223e-04
3.392492071725428104e-04
3.264933475293219090e-04
3.549657703842967749e-04
3.557954914867877960e-04
2.931475755758583546e-04
3.541149781085550785e-04
3.095872816629707813e-04
3.746210422832518816e-04
3.918535949196666479e-04
3.553998249117285013e-04
3.304873825982213020e-04
3.250421141274273396e-04
3.737288352567702532e-04
3.386135504115372896e-04
3.752442426048219204e-04
3.115434665232896805e-04
3.560577461030334234e-04
3.347057208884507418e-04
3.305390127934515476e-04
3.816373064182698727e-04
3.393442020751535892e-04
3.303129924461245537e-04
2.865177521016448736e-04
2.928293542936444283e-04
3.856691182591021061e-04
3.613283042795956135e-04
2.813567989505827427e-04
3.380151465535163879e-04
2.868910087272524834e-04
3.467842179816216230e-04
3.184057713951915503e-04
3.535074065439403057e-04
3.566024533938616514e-04
3.142757632303982973e-04
4.024245718028396368e-04
3.390028141438961029e-04
3.484316694084554911e-04
3.498329315334558487e-04
3.640816430561244488e-04
3.715877537615597248e-04
3.557645541150122881e-04
3.113686980213969946e-04
3.545746149029582739e-04
3.243793908040970564e-04
3.400033747311681509e-04
3.216263430658727884e-04
3.754774515982717276e-04
3.554734576027840376e-04
3.670983132906258106e-04
3.765679139178246260e-04
3.612423606682568789e-04
3.612439031712710857e-04
3.812785435002297163e-04
3.003198071382939816e-04
3.507471410557627678e-04
3.695226332638412714e-04
3.864824539050459862e-04
3.408346383366733789e-04
3.234373871237039566e-04
3.311101463623344898e-04
3.503571497276425362e-04
3.532754781190305948e-04
2.814230392687022686e-04
3.780527331400662661e-04
3.590001433622092009e-04
3.019337018486112356e-04
3.347521123941987753e-04
3.473587275948375463e-04
3.523362975101917982e-04
3.877793205901980400e-04
3.514846030157059431e-04
3.146116505376994610e-04
3.088628291152417660e-04
3.819074481725692749e-04
3.281933895777910948e-04
3.441777662374079227e-04
3.511662653181701899e-04
3.423400339670479298e-04
3.461525775492191315e-04
3.515663556754589081e-04
3.605149686336517334e-04
3.551747358869761229e-04
3.764427965506911278e-04
2.996454131789505482e-04
3.650064172688871622e-04
3.433479578234255314e-04
4.065229732077568769e-04
3.821613208856433630e-04
3.856951079796999693e-04
3.815685049630701542e-04
3.233589814044535160e-04
3.158645413350313902e-04
2.987342013511806726e-04
3.503237385302782059e-04
3.608131082728505135e-04
3.472950193099677563e-04
3.711036697495728731e-04
3.584898076951503754e-04
2.900410909205675125e-04
3.788632748182862997e-04
3.634388849604874849e-04
3.514194686431437731e-04
3.596614697016775608e-04
3.406441246625036001e-04
3.513659466989338398e-04
3.514065174385905266e-04
3.771221672650426626e-04
3.949797537643462420e-04
3.535140422172844410e-04
2.830851299222558737e-04
3.564071957953274250e-04
3.212880401406437159e-04
3.414133389014750719e-04
3.572778950911015272e-04
3.423207381274551153e-04
2.967745531350374222e-04
3.017559647560119629e-04
3.129943797830492258e-04
3.988963435404002666e-04
3.683497488964349031e-04
3.756408405024558306e-04
3.174360317643731833e-04
3.421261790208518505e-04
3.800315025728195906e-04
4.003834619652479887e-04
3.826901374850422144e-04
3.757407830562442541e-04
3.591288696043193340e-04
3.315683279652148485e-04
3.803451545536518097e-04
3.734711499419063330e-04
3.234868636354804039e-04
3.522398474160581827e-04
3.329729661345481873e-04
3.927487996406853199e-04
3.611087158787995577e-04
3.467695496510714293e-04
3.417404077481478453e-04
3.779334365390241146e-04
3.400741261430084705e-04
3.933662665076553822e-04
3.663468232844024897e-04
3.727614239323884249e-04
3.826812608167529106e-04
3.510722599457949400e-04
3.395976091269403696e-04
3.220723883714526892e-04
3.397879481781274080e-04
3.317616065032780170e-04
3.213800373487174511e-04
3.382185241207480431e-04
3.491624956950545311e-04
3.308506566099822521e-04
3.627021214924752712e-04
3.605808306019753218e-04
3.655164327938109636e-04
3.249578876420855522e-04
3.634811437223106623e-04
3.173985169269144535e-04
3.557624295353889465e-04
3.731906472239643335e-04
2.906190638896077871e-04
3.698705695569515228e-04
2.999064745381474495e-04
3.470662923064082861e-04
3.541130281519144773e-04
3.529423265717923641e-04
3.836253890767693520e-04
3.502009203657507896e-04
3.969090757891535759e-04
3.482045431155711412e-04
3.434125392232090235e-04
3.796260280068963766e-04
3.346189041621983051e-04
2.860499953385442495e-04
3.572337736841291189e-04
3.342857526149600744e-04
3.409361816011369228e-04
3.794170042965561152e-04
3.455537953414022923e-04
3.109422978013753891e-04
3.798966354224830866e-04
3.471301461104303598e-04
3.579690819606184959e-04
3.418659034650772810e-04
3.840640420094132423e-04
3.684459661599248648e-04
3.007369523402303457e-04
3.595714224502444267e-04
3.313586348667740822e-04
3.393209481146186590e-04
3.880004514940083027e-04
3.496444260235875845e-04
3.671073645818978548e-04
3.966757794842123985e-04
3.817061660811305046e-04
3.948301891796290874e-04
3.236516786273568869e-04
3.629357961472123861e-04
3.571217530407011509e-04
3.803562140092253685e-04
3.684616822283715010e-04
3.517737495712935925e-04
4.048209520988166332e-04
3.743975539691746235e-04
3.717681975103914738e-04
3.649982973001897335e-04
3.280170203652232885e-04
3.396941465325653553e-04
4.077808116562664509e-04
3.508281952235847712e-04
2.849479496944695711e-04
3.561193007044494152e-04
3.834507369901984930e-04
3.744021814782172441e-04
3.843060403596609831e-04
3.578522300813347101e-04
3.540455945767462254e-04
3.686895943246781826e-04
3.409191849641501904e-04
3.746284055523574352e-04
3.081987088080495596e-04
3.530551912263035774e-04
3.406001778785139322e-04
3.446667105890810490e-04
3.321515978313982487e-04
3.432341327425092459e-04
3.382880531717091799e-04
3.370785852894186974e-04
3.743339038919657469e-04
3.690697194542735815e-04
3.899653092958033085e-04
2.841938985511660576e-04
3.232801973354071379e-04
3.683117392938584089e-04
2.890081377699971199e-04
3.199123602826148272e-04
2.910875482484698296e-04
3.618713817559182644e-04
3.870757645927369595e-04
3.467743808869272470e-04
3.646243712864816189e-04
3.975153085775673389e-04
3.189096169080585241e-04
3.795075172092765570e-04
3.625577373895794153e-04
3.900115261785686016e-04
3.696115745697170496e-04
3.315011854283511639e-04
3.814452502410858870e-04
3.477954014670103788e-04
3.551277332007884979e-04
3.671806771308183670e-04
3.663745883386582136e-04
3.307219885755330324e-04
3.583256329875439405e-04
3.891508968081325293e-04
3.608719271142035723e-04
3.259416553191840649e-04
3.703415859490633011e-04
3.619209455791860819e-04
3.921889001503586769e-04
3.159127663820981979e-04
3.162154171150177717e-04
3.075347631238400936e-04
3.220012586098164320e-04
3.512976982165127993e-04
3.647722187452018261e-04
3.804727166425436735e-04
3.730664902832359076e-04
3.812214417848736048e-04
2.907442394644021988e-04
3.399522684048861265e-04
3.838437842205166817e-04
3.664473479148000479e-04
3.918141883332282305e-04
3.356527013238519430e-04
3.630986320786178112e-04
3.703234833665192127e-04
3.869732609018683434e-04
3.582053759600967169e-04
3.323144919704645872e-04
3.815113450400531292e-04
3.665209806058555841e-04
3.837303083855658770e-04
2.829670265782624483e-04
3.764855500776320696e-04
3.415070532355457544e-04
3.460396546870470047e-04
3.155310405418276787e-04
3.836262912955135107e-04
3.172321012243628502e-04
3.726686991285532713e-04
3.696385247167199850e-04
3.441877779550850391e-04
3.985798102803528309e-04
3.541324404068291187e-04
3.275088383816182613e-04
3.783387946896255016e-04
3.348816826473921537e-04
3.814880619756877422e-04
3.904045152012258768e-04
3.010670188814401627e-04
3.513196716085076332e-04
3.572646819520741701e-04
3.215094038750976324e-04
3.951105463784188032e-04
3.357683017384260893e-04
3.585994418244808912e-04
3.392580838408321142e-04
3.110312391072511673e-04
2.961713180411607027e-04
3.576631424948573112e-04
3.762184060178697109e-04
3.802651772275567055e-04
3.548987151589244604e-04
3.481842868495732546e-04
3.545889630913734436e-04
3.616489411797374487e-04
2.906690060626715422e-04
3.022581513505429029e-04
3.603741934057325125e-04
3.770549665205180645e-04
3.200052888132631779e-04
3.759947721846401691e-04
3.668187709990888834e-04
3.899561997968703508e-04
3.419807180762290955e-04
3.766451845876872540e-04
3.605355159379541874e-04
3.294404887128621340e-04
3.782561689149588346e-04
3.886767954099923372e-04
3.454374964348971844e-04
3.833960217889398336e-04
3.715919447131454945e-04
3.549634420778602362e-04
3.934409760404378176e-04
3.698558139149099588e-04
3.266875282861292362e-04
3.619889321271330118e-04
3.618601185735315084e-04
4.066852561663836241e-04
3.380196867510676384e-04
3.170171985402703285e-04
3.481529129203408957e-04
3.708722360897809267e-04
3.816736571025103331e-04
3.315807553008198738e-04
3.739485691767185926e-04
3.724508860614150763e-04
3.632160660345107317e-04
3.530604881234467030e-04
3.859531425405293703e-04
3.287879808340221643e-04
3.644077223725616932e-04
3.499892482068389654e-04
3.049431543331593275e-04
3.440761938691139221e-04
3.692476020660251379e-04
3.641735238488763571e-04
3.414414532016962767e-04
3.449990181252360344e-04
3.655862819869071245e-04
4.038653569296002388e-04
3.595385933294892311e-04
3.453977697063237429e-04
3.139343461953103542e-04
3.793886280618607998e-04
3.731888136826455593e-04
3.235542972106486559e-04
3.276765928603708744e-04
3.530120884533971548e-04
3.214653697796165943e-04
3.869917418342083693e-04
3.674063191283494234e-04
3.163120127283036709e-04
2.776908804662525654e-04
3.215601900592446327e-04
3.154749574605375528e-04
3.429811331443488598e-04
3.489278315100818872e-04
3.894811670761555433e-04
3.667961864266544580e-04
3.536404692567884922e-04
3.452877863310277462e-04
3.234860196243971586e-04
3.746250295080244541e-04
3.879481228068470955e-04
3.601982898544520140e-04
2.736017049755901098e-04
3.789758775383234024e-04
3.039530420210212469e-04
3.729834279511123896e-04
3.792415955103933811e-04
3.383858129382133484e-04
3.083888732362538576e-04
3.510523238219320774e-04
3.537375305313616991e-04
3.962635819334536791e-04
3.679651708807796240e-04
3.818788391072303057e-04
3.699835797306150198e-04
3.626090474426746368e-04
3.114437568001449108e-04
3.409904893487691879e-04
3.103446506429463625e-04
3.373488434590399265e-04
3.632396110333502293e-04
3.474373370409011841e-04
3.557899326551705599e-04
3.168272378388792276e-04
3.167229879181832075e-04
3.190764982718974352e-04
3.156874154228717089e-04
3.424939059186726809e-04
3.644119715318083763e-04
3.670396690722554922e-04
3.521676990203559399e-04
3.619365161284804344e-04
3.428133786655962467e-04
3.699552908074110746e-04
2.855026978068053722e-04
3.631938889157027006e-04
3.475942066870629787e-04
3.822683356702327728e-04
3.248689754400402308e-04
3.117320011369884014e-04
3.582873614504933357e-04
3.249484871048480272e-04
3.776231314986944199e-04
3.977511369157582521e-04
2.974369854200631380e-04
3.367800964042544365e-04
3.942936018574982882e-04
3.412149380892515182e-04
3.762852866202592850e-04
2.845023118425160646e-04
3.407285548746585846e-04
2.914877550210803747e-04
2.829494478646665812e-04
4.000977787654846907e-04
3.338770766276866198e-04
3.906162746716290712e-04
3.219533246010541916e-04
3.615375899244099855e-04
3.386052849236875772e-04
3.944633936043828726e-04
3.899995354004204273e-04
3.259323420934379101e-04
3.648031561169773340e-04
3.847932966891676188e-04
3.380451234988868237e-04
3.457235579844564199e-04
3.761924454011023045e-04
3.407558542676270008e-04
3.618953342083841562e-04
3.512404509820044041e-04
3.188589762430638075e-04
3.999418986495584249e-04
3.264039987698197365e-04
3.925180062651634216e-04
3.612503933254629374e-04
3.394954546820372343e-04
3.878563002217561007e-04
3.717150248121470213e-04
3.280412056483328342e-04
3.534192510414868593e-04
3.468094218987971544e-04
3.640819923020899296e-04
2.856443170458078384e-04
3.826784377451986074e-04
3.560770710464566946e-04
3.134814032819122076e-04
3.928180376533418894e-04
3.823940642178058624e-04
3.606347017921507359e-04
3.341949777677655220e-04
3.985547518823295832e-04
3.129270044155418873e-04
3.561914491001516581e-04
3.473291581030935049e-04
3.810161433648318052e-04
3.393064253032207489e-04
3.464315377641469240e-04
3.692041500471532345e-04
3.835064126178622246e-04
3.779584367293864489e-04
3.573712892830371857e-04
3.162442008033394814e-04
3.307630540803074837e-04
3.761389234568923712e-04
3.872174711432307959e-04
3.124951035715639591e-04
3.787896130234003067e-04
3.806720196735113859e-04
3.766845911741256714e-04
3.630580613389611244e-04
3.420256834942847490e-04
3.265569393988698721e-04
3.367621975485235453e-04
3.979392640758305788e-04
3.352285420987755060e-04
3.746900474652647972e-04
2.698398893699049950e-04
2.838331856764853001e-04
3.435495891608297825e-04
3.003915771842002869e-04
3.421001893002539873e-04
3.551651025190949440e-04
3.384377050679177046e-04
3.874133690260350704e-04
3.560466284397989511e-04
3.547763044480234385e-04
3.442493034526705742e-04
3.532530972734093666e-04
3.345877048559486866e-04
3.358541580382734537e-04
3.394953964743763208e-04
3.765565925277769566e-04
3.369063488207757473e-04
3.828708431683480740e-04
4.027512040920555592e-04
3.677491331472992897e-04
3.564346989151090384e-04
3.742449043784290552e-04
3.923729818779975176e-04
3.872117958962917328e-04
3.372081555426120758e-04
3.660148358903825283e-04
3.439744759816676378e-04
3.714214544743299484e-04
3.696339845191687346e-04
3.785695880651473999e-04
3.327806480228900909e-04
3.391886421013623476e-04
3.846805775538086891e-04
3.740616084542125463e-04
3.858552954625338316e-04
3.129130927845835686e-04
2.853307814802974463e-04
3.215828037355095148e-04
3.914616827387362719e-04
3.521041653584688902e-04
3.588910331018269062e-04
3.481993626337498426e-04
3.732654149644076824e-04
3.527242806740105152e-04
2.939037512987852097e-04
3.192900912836194038e-04
3.710692690219730139e-04
3.909747465513646603e-04
3.724055713973939419e-04
3.439767169766128063e-04
3.524910134728997946e-04
3.433628298807889223e-04
3.679987858049571514e-04
3.783159481827169657e-04
3.998544707428663969e-04
3.108418895862996578e-04
3.564101061783730984e-04
2.902949345298111439e-04
3.823530860245227814e-04
3.504396008793264627e-04
3.641377843450754881e-04
3.374870866537094116e-04
3.360014525242149830e-04
2.850235323421657085e-04
3.699323569890111685e-04
3.973323327954858541e-04
3.800250415224581957e-04
3.788382164202630520e-04
3.340662515256553888e-04
3.439359716139733791e-04
3.725372662302106619e-04
3.476901329122483730e-04
3.652360755950212479e-04
4.014038713648915291e-04
3.902559983544051647e-04
4.069698625244200230e-04
3.272194007877260447e-04
3.474149270914494991e-04
2.998839190695434809e-04
3.592628345359116793e-04
3.407948242966085672e-04
4.004321817774325609e-04
3.348246682435274124e-04
3.626310499384999275e-04
3.717752697411924601e-04
3.629466809798032045e-04
3.714439808391034603e-04
3.449692449066787958e-04
2.900816907640546560e-04
3.475070989225059748e-04
3.620982461143285036e-04
3.849912318401038647e-04
3.688592987600713968e-04
3.351240884512662888e-04
3.727897128555923700e-04
3.882490273099392653e-04
3.510648675728589296e-04
2.614392433315515518e-04
3.800505364779382944e-04
3.223002713639289141e-04
3.685670380946248770e-04
3.104911302216351032e-04
3.721901448443531990e-04
3.569549007806926966e-04
3.480593150015920401e-04
3.824152809102088213e-04
3.195698955096304417e-04
3.421105793677270412e-04
3.846333420369774103e-04
3.119394823443144560e-04
3.776048833969980478e-04
3.184928791597485542e-04
3.601901989895850420e-04
3.651563893072307110e-04
3.333915665280073881e-04
3.277918731328099966e-04
3.175344318151473999e-04
3.908911894541233778e-04
3.296945651527494192e-04
3.840253921225667000e-04
3.228253044653683901e-04
3.892815730068832636e-04
3.742775588762015104e-04
3.040513256564736366e-04
2.842724206857383251e-04
3.587934479583054781e-04
3.364295116625726223e-04
3.488147922325879335e-04
3.972981648985296488e-04
3.584109363146126270e-04
3.608530387282371521e-04
3.840089775621891022e-04
3.783639403991401196e-04
3.956340369768440723e-04
2.960460260510444641e-04
3.897079441230744123e-04
3.856499679386615753e-04
3.724227426573634148e-04
3.419682907406240702e-04
3.223479143343865871e-04
4.005668160971254110e-04
3.242041857447475195e-04
3.559238975867629051e-04
3.589956031646579504e-04
2.982156293001025915e-04
3.638253256212919950e-04
3.597553295549005270e-04
3.211724979337304831e-04
3.056141431443393230e-04
3.746951988432556391e-04
3.490052185952663422e-04
3.677031199913471937e-04
3.853137895930558443e-04
3.962370683439075947e-04
3.777828533202409744e-04
3.766347654163837433e-04
3.682838578242808580e-04
3.610537678468972445e-04
3.663983952719718218e-04
3.510103560984134674e-04
3.032246604561805725e-04
3.931335813831537962e-04
3.062082687392830849e-04
3.291369066573679447e-04
3.730016178451478481e-04
3.533017588779330254e-04
3.202457155566662550e-04
3.485784109216183424e-04
3.609541454352438450e-04
3.528866509441286325e-04
3.668345452751964331e-04
3.803313011303544044e-04
3.344269061926752329e-04
3.410720382817089558e-04
3.641650837380439043e-04
3.192652948200702667e-04
3.228605783078819513e-04
3.560998593457043171e-04
3.127761883661150932e-04
3.424671303946524858e-04
3.769430331885814667e-04
3.318770031910389662e-04
3.128246171399950981e-04
3.441128937993198633e-04
2.864564885385334492e-04
3.760179679375141859e-04
3.583468496799468994e-04
3.398898697923868895e-04
3.621059586293995380e-04
3.618689952418208122e-04
3.456599952187389135e-04
3.871107182931154966e-04
3.705751732923090458e-04
3.681616799440234900e-04
3.470886731520295143e-04
3.871769295074045658e-04
3.752787306439131498e-04
3.817182150669395924e-04
3.375851083546876907e-04
3.603087679948657751e-04
3.760042018257081509e-04
3.870870568789541721e-04
3.321977856103330851e-04
3.837547556031495333e-04
3.129587857984006405e-04
3.792131319642066956e-04
3.706921706907451153e-04
2.941929269582033157e-04
3.798076359089463949e-04
3.697035135701298714e-04
3.334010252729058266e-04
3.548264503479003906e-04
3.639582137111574411e-04
3.602291108109056950e-04
3.784714208450168371e-04
4.005237424280494452e-04
3.247317217756062746e-04
3.541630576364696026e-04
3.074884880334138870e-04
3.427275805734097958e-04
3.742961271200329065e-04
2.972781076095998287e-04
3.132564888801425695e-04
3.744099813047796488e-04
3.592830616980791092e-04
2.922612766269594431e-04
3.950908721890300512e-04
3.387831093277782202e-04
3.670848382171243429e-04
3.662426606751978397e-04
3.831529757007956505e-04
4.021126369480043650e-04
3.528386587277054787e-04
3.777024685405194759e-04
3.683133982121944427e-04
3.157403552904725075e-04
3.373035287950187922e-04
2.962467842735350132e-04
3.805014421232044697e-04
3.866305050905793905e-04
3.316236252430826426e-04
3.666555567178875208e-04
3.022450546268373728e-04
3.598037583287805319e-04
3.130367549601942301e-04
3.144119109492748976e-04
3.345146833453327417e-04
3.386083408258855343e-04
3.655636974144726992e-04
2.874262572731822729e-04
3.619214694481343031e-04
3.257421776652336121e-04
2.915188088081777096e-04
3.451637749094516039e-04
4.002228670287877321e-04
3.155945742037147284e-04
3.138808824587613344e-04
3.699279332067817450e-04
3.355823282618075609e-04
3.440470609348267317e-04
3.720317035913467407e-04
3.325081197544932365e-04
3.236548509448766708e-04
3.949333913624286652e-04
3.609193954616785049e-04
3.641875809989869595e-04
3.472813114058226347e-04
3.601781500037759542e-04
3.741937107406556606e-04
3.067943034693598747e-04
3.613985318224877119e-04
3.819232806563377380e-04
3.407643816899508238e-04
3.685892734210938215e-04
3.830926434602588415e-04
3.952585102524608374e-04
3.900036681443452835e-04
3.728842420969158411e-04
3.226049011573195457e-04
3.639467176981270313e-04
3.269906446803361177e-04
3.758959937840700150e-04
3.041702439077198505e-04
3.540053439792245626e-04
3.244967083446681499e-04
3.550613473635166883e-04
3.442435699980705976e-04
3.675920888781547546e-04
3.415042592678219080e-04
2.982549194712191820e-04
3.421922447159886360e-04
3.258337383158504963e-04
3.676719497889280319e-04
3.917614521924406290e-04
3.694644838105887175e-04
3.349690232425928116e-04
2.992225927300751209e-04
3.742745029740035534e-04
3.694573533721268177e-04
3.486379573587328196e-04
3.590667620301246643e-04
3.989785327576100826e-04
3.826482279691845179e-04
3.813344228547066450e-04
3.272637259215116501e-04
3.412980586290359497e-04
3.907874925062060356e-04
3.523202612996101379e-04
3.112409322056919336e-04
3.453054814599454403e-04
3.777595120482146740e-04
3.645351098384708166e-04
3.479359729681164026e-04
3.589888510759919882e-04
3.477057034615427256e-04
3.247674321755766869e-04
3.735710051842033863e-04
3.974562860094010830e-04
3.465577610768377781e-04
3.441408043727278709e-04
3.590332053136080503e-04
3.439143765717744827e-04
3.073244006372988224e-04
3.104170318692922592e-04
3.814678348135203123e-04
3.455309779383242130e-04
3.008041821885854006e-04
3.618070913944393396e-04
3.713022451847791672e-04
3.484848712105304003e-04
3.130427794530987740e-04
3.850735374726355076e-04
2.883882552850991488e-04
3.702564572449773550e-04
3.130563709419220686e-04
3.417306579649448395e-04
3.821264544967561960e-04
3.794316144194453955e-04
3.640495124273002148e-04
3.878087736666202545e-04
3.202319785486906767e-04
3.881070297211408615e-04
3.582562203519046307e-04
3.508857334963977337e-04
3.224042302463203669e-04
3.618884366005659103e-04
3.397913242224603891e-04
3.713894984684884548e-04
3.520747413858771324e-04
3.031194792129099369e-04
2.798175264615565538e-04
3.769601753447204828e-04
3.348325844854116440e-04
4.087084671482443810e-04
3.671868180390447378e-04
3.772084019146859646e-04
4.038449551444500685e-04
3.767990856431424618e-04
3.536191943567246199e-04
3.552425769157707691e-04
2.828085271175950766e-04
3.784041618928313255e-04
3.778294776566326618e-04
3.596959577407687902e-04
3.606927348300814629e-04
3.842072910629212856e-04
3.430045035202056170e-04
3.683991089928895235e-04
3.385464078746736050e-04
3.891599772032350302e-04
3.260078083258122206e-04
3.692241734825074673e-04
3.655319451354444027e-04
3.690888988785445690e-04
3.675229672808200121e-04
3.590028791222721338e-04
3.409537603147327900e-04
3.592539869714528322e-04
3.316329966764897108e-04
3.442424058448523283e-04
3.945519856642931700e-04
3.277325013186782598e-04
2.856249921023845673e-04
3.831078065559267998e-04
4.027674440294504166e-04
3.555395232979208231e-04
3.653496969491243362e-04
3.620029310695827007e-04
3.848907363135367632e-04
3.628821286838501692e-04
3.378513210918754339e-04
3.476810525171458721e-04
3.634995082393288612e-04
3.079570597037672997e-04
3.520261670928448439e-04
3.950210812035948038e-04
3.691020538099110126e-04
3.527632215991616249e-04
3.711588215082883835e-04
3.337377274874597788e-04
3.333209897391498089e-04
3.213920572306960821e-04
3.143762878607958555e-04
3.421851142775267363e-04
3.516666765790432692e-04
2.792994200717657804e-04
3.638980269897729158e-04
3.517367294989526272e-04
3.581741766538470984e-04
3.577957686502486467e-04
3.684699768200516701e-04
3.804234729614108801e-04
3.275101771578192711e-04
3.360244154464453459e-04
3.640271315816789865e-04
3.903036122210323811e-04
3.520214522723108530e-04
3.700332599692046642e-04
3.128114913124591112e-04
3.664998512249439955e-04
3.579748736228793859e-04
3.021644079126417637e-04
3.797610115725547075e-04
3.276943461969494820e-04
3.647328703664243221e-04
3.802969004027545452e-04
3.531886031851172447e-04
3.835808020085096359e-04
3.650430880952626467e-04
3.797413082793354988e-04
3.277363430242985487e-04
3.459982981439679861e-04
3.468703071121126413e-04
3.110542020294815302e-04
3.802835417445749044e-04
4.100141231901943684e-04
3.708662115968763828e-04
3.224819083698093891e-04
3.165649832226336002e-04
3.461721062194555998e-04
3.674332110676914454e-04
3.615292080212384462e-04
3.544480714481323957e-04
3.774231590796262026e-04
3.705242706928402185e-04
3.135854203719645739e-04
3.649349091574549675e-04
3.342437848914414644e-04
3.029826038982719183e-04
3.780305851250886917e-04
3.124877985101193190e-04
3.352591011207550764e-04
3.792790521401911974e-04
3.706309362314641476e-04
3.970571560785174370e-04
3.388386976439505816e-04
3.082124458160251379e-04
3.383888688404113054e-04
3.672212478704750538e-04
3.526395594235509634e-04
3.469462681096047163e-04
3.710320743266493082e-04
3.202158550266176462e-04
3.972438571508973837e-04
3.376404638402163982e-04
3.791797789745032787e-04
3.777681267820298672e-04
3.229471622034907341e-04
3.322148695588111877e-04
4.053490993101149797e-04
3.691248421091586351e-04
3.835046663880348206e-04
3.218861529603600502e-04
4.035986494272947311e-04
3.033528919331729412e-04
3.413742815610021353e-04
3.799318510573357344e-04
4.039325285702943802e-04
3.459010331425815821e-04
2.968828775919973850e-04
3.676390333566814661e-04
3.317859955132007599e-04
3.450318763498216867e-04
3.098373417742550373e-04
3.399852721486240625e-04
3.299326053820550442e-04
3.613252483773976564e-04
3.315034264232963324e-04
3.608580154832452536e-04
3.565383376553654671e-04
3.297072253189980984e-04
3.942055336665362120e-04
3.341714036650955677e-04
3.182950895279645920e-04
3.273736801929771900e-04
3.015042748302221298e-04
4.029950359836220741e-04
3.847068292088806629e-04
3.799622354563325644e-04
3.605515230447053909e-04
3.886334307026118040e-04
3.794851072598248720e-04
3.154663427267223597e-04
3.253522736486047506e-04
3.626149555202573538e-04
3.449004725553095341e-04
3.865339385811239481e-04
3.632513107731938362e-04
3.382985596545040607e-04
3.727112780325114727e-04
3.697721986100077629e-04
3.891065425705164671e-04
3.225901455152779818e-04
2.930266782641410828e-04
3.901680756825953722e-04
3.673358878586441278e-04
3.547879168763756752e-04
3.415373794268816710e-04
3.049876540899276733e-04
3.614438464865088463e-04
3.485179913695901632e-04
3.786204615607857704e-04
3.314544446766376495e-04
3.524786152411252260e-04
3.157618921250104904e-04
2.991829242091625929e-04
3.110642137471586466e-04
3.430772630963474512e-04
3.924671618733555079e-04
3.323979035485535860e-04
3.059013688471168280e-04
3.630198480095714331e-04
3.477504651527851820e-04
3.927997895516455173e-04
3.694923943839967251e-04
3.490121744107455015e-04
3.800001868512481451e-04
3.625673125497996807e-04
3.295920614618808031e-04
3.246076521463692188e-04
3.755140351131558418e-04
3.596571623347699642e-04
3.587702522054314613e-04
3.125764487776905298e-04
3.905005578417330980e-04
3.928382939193397760e-04
3.685383708216249943e-04
3.821044520009309053e-04
3.295366186648607254e-04
3.616292960941791534e-04
3.062056784983724356e-04
3.183538792654871941e-04
3.205793327651917934e-04
3.807458269875496626e-04
2.985509636346250772e-04
3.578972537070512772e-04
3.964157076552510262e-04
3.703699912875890732e-04
2.943936560768634081e-04
3.295717760920524597e-04
3.435288090258836746e-04
2.870865282602608204e-04
3.906045749317854643e-04
3.186979738529771566e-04
3.457623533904552460e-04
3.702724934555590153e-04
3.711406025104224682e-04
3.609780105762183666e-04
3.495937853585928679e-04
3.319566603749990463e-04
3.853473463095724583e-04
2.988241321872919798e-04
3.508576774038374424e-04
3.765926812775433064e-04
3.288724110461771488e-04
3.098729066550731659e-04
3.434668178670108318e-04
3.650161088444292545e-04
3.462029562797397375e-04
3.296100476291030645e-04
3.202366642653942108e-04
3.474811092019081116e-04
3.268626751378178596e-04
3.839140117634087801e-04
3.870729415211826563e-04
3.322163247503340244e-04
3.812664945144206285e-04
3.303393896203488111e-04
3.766396839637309313e-04
3.383049916010349989e-04
3.515986027196049690e-04
3.035922418348491192e-04
3.338113892823457718e-04
3.869777719955891371e-04
3.675427869893610477e-04
3.588950785342603922e-04
3.005867183674126863e-04
3.015165566466748714e-04
3.684772527776658535e-04
3.425548493396490812e-04
3.364752337802201509e-04
3.316598304081708193e-04
3.965128562413156033e-04
3.558080934453755617e-04
3.244284889660775661e-04
3.912751271855086088e-04
3.483222681097686291e-04
3.621303476393222809e-04
3.550939145497977734e-04
3.203287487849593163e-04
3.657323832157999277e-04
3.372887149453163147e-04
3.577638417482376099e-04
3.287188592366874218e-04
3.752465127035975456e-04
3.118828462902456522e-04
3.391118079889565706e-04
3.510950773488730192e-04
3.700434172060340643e-04
3.663007519207894802e-04
3.391958889551460743e-04
3.195505414623767138e-04
3.580227494239807129e-04
3.779976395890116692e-04
3.906349884346127510e-04
3.127279633190482855e-04
3.876323171425610781e-04
3.512219700496643782e-04
3.549018874764442444e-04
3.125204239040613174e-04
3.317167575005441904e-04
3.801583952736109495e-04
3.422722511459141970e-04
3.310737374704331160e-04
3.583201905712485313e-04
3.345196601003408432e-04
3.435405378695577383e-04
3.279388765804469585e-04
3.145386872347444296e-04
3.848975175060331821e-04
3.527853987179696560e-04
3.438627172727137804e-04
3.632975858636200428e-04
3.917397116310894489e-04
3.601360076572746038e-04
3.394325613044202328e-04
3.382231516297906637e-04
3.634643508121371269e-04
3.714725899044424295e-04
3.821088466793298721e-04
3.706631250679492950e-04
3.314513887744396925e-04
3.181019856128841639e-04
3.287445288151502609e-04
3.836853429675102234e-04
3.219870850443840027e-04
3.523727646097540855e-04
3.259734075982123613e-04
3.614941088017076254e-04
2.948725305031985044e-04
3.774281067308038473e-04
3.712532343342900276e-04
3.395809326320886612e-04
3.904878685716539621e-04
3.014227550011128187e-04
3.615817986428737640e-04
3.219865902792662382e-04
3.388633776921778917e-04
4.052952281199395657e-04
3.298381925560534000e-04
3.991344710811972618e-04
3.178321057930588722e-04
3.713439218699932098e-04
3.786926390603184700e-04
3.655233886092901230e-04
3.536269359756261110e-04
3.379274276085197926e-04
3.366245364304631948e-04
3.637743066065013409e-04
3.436870756559073925e-04
3.944958152715116739e-04
4.117837233934551477e-04
3.561360063031315804e-04
3.563955542631447315e-04
3.824617306236177683e-04
3.902901953551918268e-04
3.028498322237282991e-04
3.587244427762925625e-04
3.647614212241023779e-04
3.644265525508671999e-04
3.042220196221023798e-04
3.627419646363705397e-04
3.188879927620291710e-04
3.183756489306688309e-04
3.489796363282948732e-04
3.477908903732895851e-04
3.664716496132314205e-04
3.525526553858071566e-04
3.682336246129125357e-04
3.249374858569353819e-04
3.344467259012162685e-04
3.858104464598000050e-04
3.265960840508341789e-04
3.858551790472120047e-04
3.454170655459165573e-04
3.225185500923544168e-04
3.303003904875367880e-04
3.141127526760101318e-04
3.284251724835485220e-04
3.393630613572895527e-04
3.806567983701825142e-04
3.596867609303444624e-04
3.940140013583004475e-04
3.658199275378137827e-04
3.494560369290411472e-04
3.889040672220289707e-04
3.843142476398497820e-04
3.761987318284809589e-04
3.757346712518483400e-04
3.409439232200384140e-04
3.984800714533776045e-04
3.380423586349934340e-04
3.583739744499325752e-04
3.726058348547667265e-04
3.441828012000769377e-04
3.513171395752578974e-04
3.485445922706276178e-04
3.689024306368082762e-04
3.434646059758961201e-04
3.488378424663096666e-04
3.207038680557161570e-04
3.001466102432459593e-04
3.610992571339011192e-04
3.666569245979189873e-04
3.758708189707249403e-04
3.314746427349746227e-04
3.882047894876450300e-04
3.570597327779978514e-04
3.031797532457858324e-04
3.838807169813662767e-04
4.000332555733621120e-04
3.337641828693449497e-04
3.775795339606702328e-04
3.444298054091632366e-04
3.238046192564070225e-04
3.800379345193505287e-04
3.134268044959753752e-04
3.457712882664054632e-04
3.900486917700618505e-04
3.735948994290083647e-04
3.477404825389385223e-04
3.403344308026134968e-04
3.530020767357200384e-04
3.726756840478628874e-04
3.773962089326232672e-04
3.123866918031126261e-04
2.900699037127196789e-04
3.687331627588719130e-04
3.434118698351085186e-04
3.473635006230324507e-04
3.283897531218826771e-04
3.365648444741964340e-04
2.980966819450259209e-04
3.497707366477698088e-04
3.692116006277501583e-04
3.288976149633526802e-04
3.257041389588266611e-04
3.403281443752348423e-04
3.680201771203428507e-04
3.314100322313606739e-04
3.528668021317571402e-04
3.812540962826460600e-04
2.962413709610700607e-04
4.019361804239451885e-04
3.739749954547733068e-04
3.494625561870634556e-04
3.975052677560597658e-04
3.065518685616552830e-04
3.652384039014577866e-04
3.444755566306412220e-04
3.412946825847029686e-04
3.049517981708049774e-04
3.291219472885131836e-04
3.328659804537892342e-04
3.665141994133591652e-04
3.461978922132402658e-04
3.691499005071818829e-04
2.863594854716211557e-04
3.621457144618034363e-04
3.032509703189134598e-04
3.184381639584898949e-04
3.831710200756788254e-04
3.691281308420002460e-04
3.673728206194937229e-04
3.656054905150085688e-04
3.354733344167470932e-04
3.635122557170689106e-04
3.201796498615294695e-04
2.895797661039978266e-04
3.575394803192466497e-04
3.592021239455789328e-04
3.206768305972218513e-04
3.313389315735548735e-04
3.238732460886240005e-04
3.326373116578906775e-04
3.382765280548483133e-04
3.679810906760394573e-04
3.255555056966841221e-04
3.806791501119732857e-04
3.835322568193078041e-04
3.583669604267925024e-04
3.190703573636710644e-04
3.136431914754211903e-04
4.010379780083894730e-04
3.504974883981049061e-04
3.496096178423613310e-04
3.583232755772769451e-04
3.051739768125116825e-04
3.866823972202837467e-04
3.794921503867954016e-04
3.653453604783862829e-04
3.806153836194425821e-04
3.859451680909842253e-04
3.481982275843620300e-04
3.655706241261214018e-04
3.733146295417100191e-04
3.666520642582327127e-04
3.102010523434728384e-04
3.028204664587974548e-04
3.371749480720609426e-04
3.252347232773900032e-04
3.656224871519953012e-04
3.235556359868496656e-04
3.531347902026027441e-04
3.177739563398063183e-04
3.430744982324540615e-04
3.666456032078713179e-04
3.244882100261747837e-04
3.095279098488390446e-04
3.628588747233152390e-04
3.533840645104646683e-04
3.023685421794652939e-04
3.639411297626793385e-04
3.034431429114192724e-04
3.038673894479870796e-04
3.468611685093492270e-04
3.380065318197011948e-04
3.459298750385642052e-04
3.647799021564424038e-04
3.808737965300679207e-04
3.648907586466521025e-04
3.828930493909865618e-04
3.030729130841791630e-04
3.685276606120169163e-04
3.081825561821460724e-04
3.627423429861664772e-04
3.480230225250124931e-04
3.717305662576109171e-04
3.450264921411871910e-04
3.510572132654488087e-04
3.708191507030278444e-04
3.633550950326025486e-04
3.025795158464461565e-04
3.387399774510413408e-04
3.757291706278920174e-04
3.278140211477875710e-04
3.686503914650529623e-04
3.420539433136582375e-04
3.354309010319411755e-04
3.188519331160932779e-04
3.441753797233104706e-04
3.880382282659411430e-04
3.719769592862576246e-04
3.612963773775845766e-04
3.649278660304844379e-04
3.515089047141373158e-04
3.651205333881080151e-04
3.413040831219404936e-04
3.588457475416362286e-04
3.612655273173004389e-04
3.514058480504900217e-04
3.760539111681282520e-04
3.680622030515223742e-04
3.460671869106590748e-04
3.488089423626661301e-04
3.408175252843648195e-04
3.697706561069935560e-04
3.435150429140776396e-04
3.905072226189076900e-04
3.111577243544161320e-04
3.453860990703105927e-04
3.432984231039881706e-04
2.977757249027490616e-04
3.495755663607269526e-04
3.076523717027157545e-04
3.856192633975297213e-04
3.184862434864044189e-04
3.565227088984102011e-04
3.409063792787492275e-04
3.577692259568721056e-04
3.352467610966414213e-04
3.615161404013633728e-04
3.188704722560942173e-04
3.315919893793761730e-04
3.280844248365610838e-04
3.692813334055244923e-04
3.481225576251745224e-04
3.250395820941776037e-04
3.740052052307873964e-04
3.417498955968767405e-04
2.878675877582281828e-04
3.621206851676106453e-04
3.778744139708578587e-04
3.440893779043108225e-04
3.819103294517844915e-04
3.876731498166918755e-04
3.727797011379152536e-04
3.132278798148036003e-04
3.136711311526596546e-04
3.235850599594414234e-04
3.485046909190714359e-04
3.514472045935690403e-04
3.368248871993273497e-04
3.296248614788055420e-04
3.242467355448752642e-04
3.924472839571535587e-04
3.473228134680539370e-04
3.632163570728152990e-04
3.559615288395434618e-04
3.793804789893329144e-04
3.393830556888133287e-04
2.850439923349767923e-04
3.494364500511437654e-04
3.406694449950009584e-04
3.711864701472222805e-04
3.818930999841541052e-04
3.731407341547310352e-04
3.667471173685044050e-04
3.515037533361464739e-04
3.674614417832344770e-04
3.539569152053445578e-04
2.710484841372817755e-04
3.462578170001506805e-04
3.537672455422580242e-04
3.541530750226229429e-04
2.908189198933541775e-04
3.913239343091845512e-04
3.336206718813627958e-04
3.282311081420630217e-04
3.690352023113518953e-04
2.959184639621526003e-04
3.292552428320050240e-04
3.756242222152650356e-04
3.513668780215084553e-04
3.910013474524021149e-04
3.434482205193489790e-04
3.853579401038587093e-04
3.244992112740874290e-04
3.532792034093290567e-04
3.834069648291915655e-04
3.289022715762257576e-04
3.694798215292394161e-04
3.468440554570406675e-04
3.468868671916425228e-04
3.304096462670713663e-04
3.267498977947980165e-04
3.732122422661632299e-04
3.489584778435528278e-04
3.211582661606371403e-04
3.229513531550765038e-04
3.759195969905704260e-04
3.074731503147631884e-04
3.020845178980380297e-04
3.571962879505008459e-04
3.159258340019732714e-04
3.235702752135694027e-04
3.687716962303966284e-04
3.373071085661649704e-04
3.573434078134596348e-04
3.421303117647767067e-04
3.794874064624309540e-04
3.781529958359897137e-04
2.992744848597794771e-04
3.583938523661345243e-04
3.550284600351005793e-04
3.664777032099664211e-04
3.396432148292660713e-04
3.915196575690060854e-04
3.305963182356208563e-04
3.516557917464524508e-04
3.460736770648509264e-04
3.587377432268112898e-04
3.934683627448976040e-04
2.856721403077244759e-04
3.292462497483938932e-04
3.625742974691092968e-04
3.250243607908487320e-04
3.026154881808906794e-04
3.521301259752362967e-04
3.848516789730638266e-04
3.956850268878042698e-04
3.643782692961394787e-04
3.046982747036963701e-04
2.815032785292714834e-04
3.336612717248499393e-04
3.206221153959631920e-04
3.648476849775761366e-04
3.834351955447345972e-04
3.430852957535535097e-04
3.544421342667192221e-04
3.917343565262854099e-04
3.713620244525372982e-04
3.452386881690472364e-04
3.658648638520389795e-04
3.669380093924701214e-04
3.220639482606202364e-04
3.600537602324038744e-04
3.755087964236736298e-04
3.204200766049325466e-04
3.670451405923813581e-04
3.549288958311080933e-04
3.309059247840195894e-04
3.137314633931964636e-04
3.756055375561118126e-04
3.670236037578433752e-04
3.449185169301927090e-04
3.450952935963869095e-04
3.728903247974812984e-04
3.624079399742186069e-04
3.659669891931116581e-04
3.854902752209454775e-04
3.226089756935834885e-04
3.324183053337037563e-04
3.714028862304985523e-04
3.574667207431048155e-04
3.587917890399694443e-04
3.303683770354837179e-04
3.740566899068653584e-04
3.527911321725696325e-04
3.809139307122677565e-04
3.501883766148239374e-04
3.940521564800292253e-04
3.757321392185986042e-04
3.924004849977791309e-04
3.451982920523732901e-04
3.025336191058158875e-04
3.831668582279235125e-04
2.767153782770037651e-04
3.749592287931591272e-04
3.580925404094159603e-04
3.495627315714955330e-04
3.613625303842127323e-04
3.387023753020912409e-04
3.756493679247796535e-04
2.789009886328130960e-04
3.698294749483466148e-04
3.539645986165851355e-04
3.211355360690504313e-04
3.066135686822235584e-04
3.594842273741960526e-04
3.487887734081596136e-04
3.809198387898504734e-04
3.403139417059719563e-04
2.749311097431927919e-04
3.508081426844000816e-04
3.642498340923339128e-04
3.467274073045700788e-04
3.514747077133506536e-04
4.025186353828758001e-04
3.158054896630346775e-04
3.975904837716370821e-04
3.557180170901119709e-04
3.315243520773947239e-04
2.919058897532522678e-04
3.323550918139517307e-04
3.440296568442136049e-04
3.250129520893096924e-04
3.993284190073609352e-04
3.629274433478713036e-04
3.893710963893681765e-04
3.738815430551767349e-04
3.171245043631643057e-04
3.738236555363982916e-04
2.882746630348265171e-04
3.554960712790489197e-04
3.405431343708187342e-04
3.369500918779522181e-04
3.794857475440949202e-04
3.488959628157317638e-04
3.691904130391776562e-04
3.636994806583970785e-04
3.288188599981367588e-04
3.654748725239187479e-04
3.428452764637768269e-04
3.691889869514852762e-04
3.852978697977960110e-04
3.829275665339082479e-04
3.970913239754736423e-04
3.673564060591161251e-04
3.424817696213722229e-04
3.245432744733989239e-04
3.512502589728683233e-04
2.950049529317766428e-04
3.380172711331397295e-04
3.329337050672620535e-04
3.907898790203034878e-04
3.907607751898467541e-04
3.327748854644596577e-04
3.472528769634664059e-04
3.756077785510569811e-04
3.670385922305285931e-04
3.572818532120436430e-04
3.275334602221846581e-04
2.859956002794206142e-04
3.596875467337667942e-04
3.100458707194775343e-04
3.608723345678299665e-04
3.102642076555639505e-04
3.158205363433808088e-04
3.378836845513433218e-04
3.513785486575216055e-04
3.688979195430874825e-04
3.903278266079723835e-04
3.767034504562616348e-04
3.809438785538077354e-04
3.282640536781400442e-04
3.573057765606790781e-04
3.734281053766608238e-04
3.934611740987747908e-04
3.838835691567510366e-04
3.326960431877523661e-04
3.867907507810741663e-04
3.572566201910376549e-04
3.941228205803781748e-04
3.344891883898526430e-04
3.752305929083377123e-04
3.951449180021882057e-04
3.563153150025755167e-04
3.954220155719667673e-04
3.752684860955923796e-04
3.173498553223907948e-04
3.422024601604789495e-04
3.879685536958277225e-04
3.537445154506713152e-04
3.212099254596978426e-04
3.916002751793712378e-04
3.869845531880855560e-04
3.619686758611351252e-04
3.069186641369014978e-04
3.541357873473316431e-04
3.575437003746628761e-04
3.141904016956686974e-04
3.671886515803635120e-04
3.783093125093728304e-04
3.733943158295005560e-04
3.188243135809898376e-04
3.155560698360204697e-04
3.615461755543947220e-04
3.721578104887157679e-04
3.646162222139537334e-04
3.435625112615525723e-04
3.555383882485330105e-04
3.879179712384939194e-04
3.247266577091068029e-04
3.805179148912429810e-04
3.872602537740021944e-04
3.593141736928373575e-04
3.888431529048830271e-04
3.666590200737118721e-04
3.933110565412789583e-04
3.451112133916467428e-04
2.925026637967675924e-04
3.797097888309508562e-04
3.477539285086095333e-04
3.722109249792993069e-04
3.750271280296146870e-04
3.310430329293012619e-04
3.507530491333454847e-04
3.949655219912528992e-04
3.144973306916654110e-04
3.518681041896343231e-04
3.718447696883231401e-04
3.913318505510687828e-04
3.675057960208505392e-04
3.472454554866999388e-04
3.483807668089866638e-04
3.213448799215257168e-04
3.308511804789304733e-04
3.960502799600362778e-04
3.031627275049686432e-04
3.586526727303862572e-04
3.484360931906849146e-04
3.460776642896234989e-04
3.532409027684479952e-04
3.480552986729890108e-04
3.732417535502463579e-04
3.649972786661237478e-04
3.080215537920594215e-04
3.637835616245865822e-04
3.556101000867784023e-04
3.341162228025496006e-04
3.494149714242666960e-04
3.662887320388108492e-04
3.663509851321578026e-04
2.946121385321021080e-04
3.385468735359609127e-04
3.951773687731474638e-04
3.538931778166443110e-04
4.104875552002340555e-04
3.546111402101814747e-04
3.552668786142021418e-04
3.363960131537169218e-04
3.439260472077876329e-04
3.452499513514339924e-04
3.832486981991678476e-04
3.712327452376484871e-04
3.702537214849144220e-04
3.729744348675012589e-04
3.675565239973366261e-04
3.391654463484883308e-04
3.115011204499751329e-04
3.768859023693948984e-04
3.194331948179751635e-04
3.203689993824809790e-04
3.484387998469173908e-04
3.358270623721182346e-04
3.834464587271213531e-04
3.733586054295301437e-04
3.762939013540744781e-04
3.575244918465614319e-04
3.829027409665286541e-04
3.080698079429566860e-04
3.170731652062386274e-04
3.930955717805773020e-04
3.354581713210791349e-04
3.129852411802858114e-04
3.456653503235429525e-04
3.640122304204851389e-04
3.501779865473508835e-04
3.067871730308979750e-04
3.929426602553576231e-04
3.448780043981969357e-04
3.601635689847171307e-04
3.699721710290759802e-04
3.573411668185144663e-04
3.499859594739973545e-04
3.096173168160021305e-04
3.103790804743766785e-04
3.417512925807386637e-04
3.563481441233307123e-04
2.848938747774809599e-04
3.066652279812842607e-04
3.386316820979118347e-04
3.472927492111921310e-04
3.084246709477156401e-04
3.800472477450966835e-04
3.555594594217836857e-04
3.280023811385035515e-04
3.756356891244649887e-04
3.318519738968461752e-04
3.470933588687330484e-04
3.915839770343154669e-04
3.478415892459452152e-04
3.528652887325733900e-04
3.013101231772452593e-04
3.591277636587619781e-04
3.408901975490152836e-04
3.846642212010920048e-04
3.186084213666617870e-04
3.264036786276847124e-04
3.733003395609557629e-04
3.683365066535770893e-04
3.321184194646775723e-04
3.255294577684253454e-04
4.026640381198376417e-04
3.657888446468859911e-04
3.497156722005456686e-04
3.456751583144068718e-04
3.377609245944768190e-04
3.651988226920366287e-04
3.352700732648372650e-04
3.692805767059326172e-04
3.774288343265652657e-04
3.031035594176501036e-04
3.798696270678192377e-04
3.697249048855155706e-04
3.168483090121299028e-04
3.503187035676091909e-04
3.449111245572566986e-04
3.673397877719253302e-04
2.904292487073689699e-04
3.340234979987144470e-04
3.740320680662989616e-04
3.732565091922879219e-04
3.439556458033621311e-04
3.538126475177705288e-04
3.596346359699964523e-04
3.369555633980780840e-04
3.968216769862920046e-04
3.764075227081775665e-04
3.481352177914232016e-04
3.379512927494943142e-04
3.344057768117636442e-04
3.634713648352771997e-04
3.664596006274223328e-04
3.550255496520549059e-04
3.920544986613094807e-04
3.320936812087893486e-04
3.811091301031410694e-04
3.956651780754327774e-04
3.712700854521244764e-04
3.581784258130937815e-04
3.740480460692197084e-04
3.218334459234029055e-04
3.408418269827961922e-04
3.799720143433660269e-04
3.832567599602043629e-04
3.158104082103818655e-04
3.752463962882757187e-04
3.774326178245246410e-04
3.839924465864896774e-04
2.775278699118643999e-04
3.716666833497583866e-04
3.673095197882503271e-04
3.525346692185848951e-04
3.927554353140294552e-04
3.418848500587046146e-04
3.845172468572854996e-04
3.412546939216554165e-04
