3.394593368284404278e-04
3.841994621325284243e-04
3.502542385831475258e-04
3.695249615702778101e-04
3.690459998324513435e-04
3.642978263087570667e-04
3.600322816055268049e-04
3.452975652180612087e-04
3.465178888291120529e-04
3.485383349470794201e-04
3.699714725371450186e-04
3.664616669993847609e-04
3.524758794810622931e-04
3.512466500978916883e-04
3.447723574936389923e-04
3.377975372131913900e-04
3.451144439168274403e-04
3.466484486125409603e-04
3.334549546707421541e-04
3.540292382240295410e-04
3.994712315034121275e-04
3.478869621176272631e-04
3.390178899280726910e-04
3.395902167540043592e-04
3.330623731017112732e-04
3.487850190140306950e-04
3.535632858984172344e-04
3.395752282813191414e-04
3.376981767360121012e-04
3.513994743116199970e-04
3.515235730446875095e-04
3.462306922301650047e-04
3.456399135757237673e-04
3.545129147823899984e-04
3.651743463706225157e-04
3.594615263864398003e-04
3.664193500299006701e-04
3.462204476818442345e-04
3.531472757458686829e-04
3.472119569778442383e-04
3.490997187327593565e-04
3.699225781019777060e-04
3.480375744402408600e-04
3.721927641890943050e-04
3.307930310256779194e-04
3.479439474176615477e-04
3.681767848320305347e-04
3.484800981823354959e-04
3.453375538811087608e-04
3.471152740530669689e-04
3.497058933135122061e-04
3.468574723228812218e-04
3.472750540822744370e-04
3.483680484350770712e-04
3.670699661597609520e-04
3.542555787134915590e-04
3.495718701742589474e-04
3.538388118613511324e-04
3.635672328528016806e-04
3.545732179190963507e-04
3.698465588968247175e-04
3.595021553337574005e-04
3.560224431566894054e-04
3.801045240834355354e-04
3.485624620225280523e-04
3.468366339802742004e-04
3.669641446322202682e-04
3.474091354291886091e-04
3.696097992360591888e-04
3.319790121167898178e-04
3.442084416747093201e-04
3.501620376482605934e-04
3.479412407614290714e-04
3.686194249894469976e-04
3.556785813998430967e-04
3.308725717943161726e-04
3.657667548395693302e-04
3.559479082468897104e-04
3.455590922385454178e-04
3.199649800080806017e-04
3.597076283767819405e-04
3.404062590561807156e-04
3.441867884248495102e-04
3.429320640861988068e-04
3.669849247671663761e-04
3.521750622894614935e-04
3.531663096509873867e-04
3.471894597169011831e-04
3.469564253464341164e-04
3.435163816902786493e-04
3.557107993401587009e-04
3.469902439974248409e-04
3.368120815139263868e-04
3.459263243712484837e-04
3.339433169458061457e-04
3.652688174042850733e-04
3.563214268069714308e-04
3.443346649874001741e-04
3.495762939564883709e-04
3.385688469279557467e-04
3.525259380694478750e-04
3.324237477499991655e-04
3.503712650854140520e-04
3.513053234200924635e-04
3.503827319946140051e-04
3.382665454410016537e-04
3.694293554872274399e-04
3.488567890599370003e-04
3.448370553087443113e-04
3.478383878245949745e-04
3.444412432145327330e-04
3.511951945256441832e-04
3.482597821857780218e-04
3.748647577594965696e-04
3.523168852552771568e-04
3.439224092289805412e-04
3.480673767626285553e-04
3.500338352750986814e-04
3.562217170838266611e-04
3.541877667885273695e-04
3.529422974679619074e-04
3.529789973981678486e-04
3.502532490529119968e-04
3.459807194303721189e-04
3.415447717998176813e-04
3.493866242934018373e-04
3.686733543872833252e-04
3.733516205102205276e-04
3.534207353368401527e-04
3.514252312015742064e-04
3.697584033943712711e-04
3.502312174532562494e-04
3.457727143540978432e-04
3.376895620021969080e-04
3.452693636063486338e-04
3.383048169780522585e-04
3.494864213280379772e-04
3.493936383165419102e-04
3.434230748098343611e-04
3.654726897366344929e-04
3.504206251818686724e-04
3.607402613852173090e-04
3.462073218543082476e-04
3.546321531757712364e-04
3.390556084923446178e-04
3.390884958207607269e-04
3.453134268056601286e-04
3.447397320996969938e-04
3.440406871959567070e-04
3.453209064900875092e-04
3.466373018454760313e-04
3.386122698429971933e-04
3.440095752011984587e-04
4.193164349999278784e-04
3.684440162032842636e-04
3.584780206438153982e-04
3.441313165239989758e-04
3.544510400388389826e-04
3.685699775815010071e-04
3.688135184347629547e-04
3.495690762065351009e-04
3.455584810581058264e-04
3.846359322778880596e-04
3.512027615215629339e-04
3.441024164203554392e-04
3.500895982142537832e-04
3.542971680872142315e-04
3.697960055433213711e-04
3.450494259595870972e-04
3.477749996818602085e-04
3.390671045053750277e-04
3.528671222738921642e-04
3.427103511057794094e-04
3.535097348503768444e-04
3.443309688009321690e-04
3.352212079335004091e-04
3.370803606230765581e-04
3.481440944597125053e-04
3.383128496352583170e-04
3.592581488192081451e-04
3.475470002740621567e-04
3.692648024298250675e-04
3.510946407914161682e-04
3.438866697251796722e-04
3.672637394629418850e-04
3.552709822542965412e-04
3.601611533667892218e-04
3.515539574436843395e-04
3.701010718941688538e-04
3.466078778728842735e-04
3.796705859713256359e-04
3.539244644343852997e-04
3.445314068812876940e-04
3.466728958301246166e-04
3.640936920419335365e-04
4.159674281254410744e-04
3.538468445185571909e-04
3.672991297207772732e-04
3.530191897880285978e-04
3.455795813351869583e-04
3.687936987262219191e-04
3.425311879254877567e-04
3.479629231151193380e-04
3.626472025644034147e-04
3.700190572999417782e-04
3.641295770648866892e-04
3.697095962706953287e-04
3.393652732484042645e-04
3.521302132867276669e-04
3.629889688454568386e-04
3.927146026398986578e-04
3.468235081527382135e-04
3.578785690478980541e-04
3.474082332104444504e-04
3.485162451397627592e-04
3.534302231855690479e-04
3.445645852480083704e-04
3.478368744254112244e-04
3.589940315578132868e-04
3.666924894787371159e-04
3.644404059741646051e-04
3.486965142656117678e-04
3.386818862054497004e-04
3.474897530395537615e-04
3.463896573521196842e-04
3.494605771265923977e-04
3.476254933048039675e-04
3.659588110167533159e-04
3.445193578954786062e-04
3.464159672148525715e-04
3.683448303490877151e-04
3.480029408819973469e-04
3.387336037121713161e-04
3.448509087320417166e-04
3.475890262052416801e-04
3.506384091451764107e-04
3.644323733169585466e-04
3.470300289336591959e-04
3.458666033111512661e-04
3.561525081750005484e-04
3.502528998069465160e-04
3.521031758282333612e-04
3.504357300698757172e-04
3.458365390542894602e-04
3.497635480016469955e-04
3.699032822623848915e-04
3.485520137473940849e-04
3.596951428335160017e-04
3.608403785619884729e-04
3.530646208673715591e-04
3.541373589541763067e-04
3.367816971149295568e-04
3.467573260422796011e-04
3.500423918012529612e-04
3.454869147390127182e-04
3.452725359238684177e-04
3.486634232103824615e-04
3.501411410979926586e-04
3.541755140759050846e-04
3.381408751010894775e-04
3.529897076077759266e-04
3.466578491497784853e-04
3.387820615898817778e-04
3.428934724070131779e-04
3.686523996293544769e-04
3.368864709045737982e-04
3.480155428405851126e-04
3.530083049554377794e-04
3.503008629195392132e-04
3.515794815029948950e-04
3.491188399493694305e-04
3.414577222429215908e-04
3.376617096364498138e-04
3.368883335497230291e-04
3.474293916951864958e-04
4.235987435095012188e-04
3.445410693529993296e-04
3.459274885244667530e-04
3.405657771509140730e-04
3.528080997057259083e-04
3.476118145044893026e-04
3.471350646577775478e-04
3.463843022473156452e-04
3.484495100565254688e-04
3.561462799552828074e-04
3.607638936955481768e-04
3.492096730042248964e-04
3.690057201310992241e-04
3.702146350406110287e-04
3.525256470311433077e-04
3.480222367215901613e-04
3.456073463894426823e-04
3.388461482245475054e-04
3.629875136539340019e-04
3.532672417350113392e-04
3.541331097949296236e-04
3.556121373549103737e-04
3.459755971562117338e-04
3.464263281784951687e-04
3.658248751889914274e-04
3.474502882454544306e-04
3.392014477867633104e-04
3.473738615866750479e-04
3.465583431534469128e-04
3.594174340832978487e-04
3.555194125510752201e-04
3.525961365085095167e-04
3.477310820017009974e-04
3.684891853481531143e-04
3.438167332205921412e-04
3.668456338346004486e-04
3.540208272170275450e-04
3.491652605589479208e-04
3.556346637196838856e-04
3.436232800595462322e-04
3.551463596522808075e-04
3.685443662106990814e-04
3.378630790393799543e-04
3.416798717807978392e-04
3.554960421752184629e-04
3.671940648928284645e-04
3.439909487497061491e-04
3.686051350086927414e-04
3.694157931022346020e-04
3.446749178692698479e-04
3.690707089845091105e-04
3.389086923561990261e-04
3.611014399211853743e-04
3.377219254616647959e-04
3.374958178028464317e-04
3.518538142088800669e-04
3.491808602120727301e-04
3.334962239023298025e-04
3.483091422822326422e-04
3.509501111693680286e-04
3.439965366851538420e-04
3.727523726411163807e-04
3.371343191247433424e-04
3.546689113136380911e-04
3.548377135302871466e-04
3.536714939400553703e-04
3.563488426152616739e-04
3.586844250094145536e-04
3.401930152904242277e-04
3.496042045298963785e-04
3.623422526288777590e-04
3.500782768242061138e-04
3.432405646890401840e-04
3.364125150255858898e-04
3.481397870928049088e-04
3.462573513388633728e-04
3.348758327774703503e-04
3.622320073191076517e-04
3.390905330888926983e-04
3.551737463567405939e-04
3.526729997247457504e-04
3.503419284243136644e-04
3.632983134593814611e-04
3.526484360918402672e-04
3.452316450420767069e-04
3.534468996804207563e-04
3.351523773744702339e-04
3.377295215614140034e-04
3.550340479705482721e-04
3.674644103739410639e-04
3.454674151726067066e-04
3.386294119991362095e-04
3.089057863689959049e-04
3.531115944497287273e-04
3.453789686318486929e-04
3.536603471729904413e-04
2.933154173661023378e-04
3.541133482940495014e-04
3.666484553832560778e-04
3.452107193879783154e-04
3.479295701254159212e-04
3.453606041148304939e-04
3.661697555799037218e-04
3.498129372019320726e-04
3.457471029832959175e-04
3.545555518940091133e-04
3.501518804114311934e-04
3.393619263079017401e-04
3.684790572151541710e-04
3.646583063527941704e-04
3.502294130157679319e-04
3.453786193858832121e-04
3.517460136208683252e-04
3.470491792540997267e-04
3.448603965807706118e-04
3.470952215138822794e-04
3.495481214486062527e-04
3.662410017568618059e-04
3.442453453317284584e-04
3.467764181550592184e-04
3.474674012977629900e-04
3.457686398178339005e-04
3.453995450399816036e-04
3.685070842038840055e-04
3.641891817096620798e-04
3.464367764536291361e-04
3.493445110507309437e-04
3.486330970190465450e-04
3.657612251117825508e-04
3.382160502951592207e-04
3.433952515479177237e-04
3.548712411429733038e-04
3.378085966687649488e-04
3.536946896929293871e-04
3.630475257523357868e-04
3.560977056622505188e-04
3.390188503544777632e-04
3.524118219502270222e-04
3.446006448939442635e-04
3.441887965891510248e-04
3.565168008208274841e-04
3.509997332002967596e-04
3.665795957203954458e-04
3.521126054693013430e-04
3.474140830803662539e-04
3.559831529855728149e-04
3.528331289999186993e-04
3.458971332293003798e-04
3.535710857249796391e-04
3.692835452966392040e-04
3.493417170830070972e-04
3.679005894809961319e-04
3.522133920341730118e-04
3.477146092336624861e-04
3.687106946017593145e-04
3.446836781222373247e-04
3.490606613922864199e-04
3.482225583866238594e-04
3.381715796422213316e-04
3.387411998119205236e-04
3.443675232119858265e-04
3.464916662778705359e-04
3.594182780943810940e-04
3.436693223193287849e-04
3.452689561527222395e-04
3.445782640483230352e-04
3.397870750632137060e-04
3.483705804683268070e-04
3.443262248765677214e-04
3.425263857934623957e-04
3.427605552133172750e-04
3.481635067146271467e-04
4.170867032371461391e-04
3.630880091805011034e-04
3.543956845533102751e-04
3.564650542102754116e-04
3.511261602398008108e-04
3.498141013551503420e-04
3.511983668431639671e-04
3.683790564537048340e-04
3.450185758993029594e-04
3.516450524330139160e-04
3.541151818353682756e-04
3.541378537192940712e-04
3.678485809359699488e-04
3.397052641957998276e-04
3.525751526467502117e-04
3.467989154160022736e-04
3.504558699205517769e-04
3.377900284249335527e-04
3.397220280021429062e-04
3.662360250018537045e-04
3.531405527610331774e-04
3.742040717042982578e-04
3.494447446428239346e-04
3.440476139076054096e-04
3.369072510395199060e-04
3.453870886005461216e-04
3.665019758045673370e-04
3.659261565189808607e-04
3.477380960248410702e-04
3.454189863987267017e-04
3.511782560963183641e-04
3.490269882604479790e-04
3.687926218844950199e-04
3.451564407441765070e-04
3.658043860923498869e-04
3.490538801997900009e-04
3.525743959471583366e-04
3.379853733349591494e-04
3.381475980859249830e-04
3.717382205650210381e-04
3.475026460364460945e-04
3.593962464947253466e-04
3.673787286970764399e-04
3.517143486533313990e-04
3.545070067048072815e-04
3.545429499354213476e-04
3.542630292940884829e-04
3.407998301554471254e-04
3.555652510840445757e-04
3.476810525171458721e-04
3.502748731989413500e-04
3.664143441710621119e-04
3.376041713636368513e-04
3.390807833056896925e-04
3.450628137215971947e-04
3.699258959386497736e-04
3.483970358502119780e-04
3.532126429490745068e-04
3.551602712832391262e-04
3.453917452134191990e-04
3.439415886532515287e-04
3.397464170120656490e-04
3.378190158400684595e-04
3.492804244160652161e-04
3.479308797977864742e-04
3.487841167952865362e-04
3.523579798638820648e-04
3.660921647679060698e-04
3.722224500961601734e-04
3.455626138020306826e-04
3.486134519334882498e-04
3.492971591185778379e-04
3.689745208248496056e-04
3.673491883091628551e-04
3.486808273009955883e-04
3.539487952366471291e-04
3.389227495063096285e-04
3.391409700270742178e-04
3.466211201157420874e-04
3.421027504373341799e-04
3.553496208041906357e-04
3.489621740300208330e-04
3.489835362415760756e-04
3.442221786826848984e-04
3.341021947562694550e-04
3.461337182670831680e-04
3.506415814626961946e-04
3.417534171603620052e-04
3.496479184832423925e-04
3.463319153524935246e-04
3.564326907508075237e-04
3.589049738366156816e-04
3.526260843500494957e-04
3.461345331743359566e-04
3.431795339565724134e-04
3.479531442280858755e-04
4.106948326807469130e-04
3.584280493669211864e-04
3.498254809528589249e-04
3.561255289241671562e-04
3.381779824849218130e-04
4.021303029730916023e-04
3.679170331452041864e-04
3.709566954057663679e-04
3.704208065755665302e-04
3.454482648521661758e-04
3.364785807207226753e-04
3.561910707503557205e-04
3.468248469289392233e-04
3.480735467746853828e-04
3.528114175423979759e-04
3.716532373800873756e-04
3.390969941392540932e-04
3.460189618635922670e-04
3.611153806559741497e-04
3.469004877842962742e-04
3.640174109023064375e-04
3.577846800908446312e-04
3.376246313564479351e-04
3.478508151601999998e-04
3.624632372520864010e-04
3.872707602567970753e-04
3.603472432587295771e-04
3.649971913546323776e-04
3.465833433438092470e-04
3.434934478718787432e-04
3.495865676086395979e-04
3.490579547360539436e-04
3.311414038762450218e-04
3.388242330402135849e-04
3.458581923041492701e-04
3.477993304841220379e-04
3.394600935280323029e-04
3.452403761912137270e-04
3.393432998564094305e-04
3.658192872535437346e-04
3.525295178405940533e-04
3.694381157401949167e-04
3.498207661323249340e-04
3.395095991436392069e-04
3.566237573977559805e-04
3.664310206659138203e-04
3.444225876592099667e-04
3.748861490748822689e-04
3.434418758843094110e-04
3.457292623352259398e-04
3.455709083937108517e-04
3.385714662726968527e-04
3.483161272015422583e-04
3.528291708789765835e-04
3.468433860689401627e-04
3.464860492385923862e-04
3.663018869701772928e-04
3.534288262017071247e-04
3.497514699120074511e-04
3.575412265490740538e-04
3.617318579927086830e-04
3.459200088400393724e-04
3.391887003090232611e-04
3.541547630447894335e-04
3.507384390104562044e-04
3.484939516056329012e-04
3.477310237940400839e-04
3.387872129678726196e-04
3.375591186340898275e-04
3.467426868155598640e-04
3.385028394404798746e-04
3.639358037617057562e-04
3.427474002819508314e-04
3.364280564710497856e-04
3.382150898687541485e-04
3.689546429086476564e-04
3.327373706270009279e-04
3.448568459134548903e-04
3.685143310576677322e-04
3.689870354719460011e-04
3.462034219410270452e-04
3.462763270363211632e-04
3.470162919256836176e-04
3.522261977195739746e-04
3.659335197880864143e-04
3.468993818387389183e-04
3.596443566493690014e-04
3.497853176668286324e-04
3.445518668740987778e-04
3.478784637991338968e-04
3.445793117862194777e-04
3.492463438306003809e-04
3.694372717291116714e-04
3.463614848442375660e-04
3.438527346588671207e-04
3.550099499989300966e-04
3.515717398840934038e-04
3.485108027234673500e-04
3.496424178592860699e-04
3.438953717704862356e-04
3.378945402801036835e-04
3.444347821641713381e-04
3.228255372960120440e-04
3.690819139592349529e-04
3.389255143702030182e-04
3.473273536656051874e-04
3.700831148307770491e-04
3.468632348813116550e-04
3.535000723786652088e-04
3.380788839422166348e-04
3.473291581030935049e-04
3.468622744549065828e-04
3.590676060412079096e-04
3.390835481695830822e-04
3.726000722963362932e-04
3.705109411384910345e-04
3.443767491262406111e-04
3.479254664853215218e-04
3.688903234433382750e-04
3.679515502881258726e-04
3.470788651611655951e-04
3.695742925629019737e-04
3.454889811109751463e-04
3.510136157274246216e-04
3.535848809406161308e-04
3.616969916038215160e-04
3.543010971043258905e-04
3.343345015309751034e-04
3.461822925601154566e-04
3.531145630404353142e-04
3.700437373481690884e-04
3.382274589966982603e-04
3.520006139297038317e-04
3.548712120391428471e-04
3.508744121063500643e-04
3.694389597512781620e-04
3.516260476317256689e-04
3.687536809593439102e-04
3.688728902488946915e-04
3.441372246015816927e-04
3.366129531059414148e-04
3.548018285073339939e-04
3.694185870699584484e-04
3.472501994110643864e-04
3.482629253994673491e-04
3.647885750979185104e-04
3.664109681267291307e-04
3.520030295476317406e-04
3.536411386448889971e-04
3.658253117464482784e-04
3.497139550745487213e-04
3.668206918518990278e-04
3.628580016084015369e-04
3.508117806632071733e-04
3.494479460641741753e-04
3.788942121900618076e-04
3.450542571954429150e-04
3.394354134798049927e-04
3.487818175926804543e-04
3.424533642828464508e-04
3.600699128583073616e-04
3.537319134920835495e-04
3.529797249939292669e-04
3.372956125531345606e-04
3.394760133232921362e-04
3.512764524202793837e-04
3.353003121446818113e-04
3.348798200022429228e-04
3.443589957896620035e-04
3.430404176469892263e-04
3.411438956391066313e-04
3.521034086588770151e-04
3.385320014785975218e-04
3.430189099162817001e-04
3.513482515700161457e-04
3.426239709369838238e-04
3.456360718701034784e-04
3.543102939147502184e-04
3.453135141171514988e-04
3.724445996340364218e-04
3.452182572800666094e-04
3.465233312454074621e-04
3.531925904098898172e-04
3.396794199943542480e-04
3.562505880836397409e-04
3.455216065049171448e-04
3.606561222113668919e-04
3.384156152606010437e-04
3.451593220233917236e-04
3.495158744044601917e-04
3.800969861913472414e-04
3.638091147877275944e-04
3.388881741557270288e-04
3.488770453259348869e-04
3.618601476773619652e-04
3.548611421138048172e-04
3.443816385697573423e-04
3.491976240184158087e-04
3.509669622872024775e-04
3.545765939634293318e-04
3.671613230835646391e-04
3.652229788713157177e-04
3.385162563063204288e-04
3.686576674226671457e-04
3.457417187746614218e-04
3.467466449365019798e-04
3.497175930533558130e-04
3.391432401258498430e-04
3.454686666373163462e-04
3.479931619949638844e-04
3.458083083387464285e-04
3.385655581951141357e-04
3.501115425024181604e-04
3.443464520387351513e-04
3.533301351126283407e-04
3.524125786498188972e-04
3.496226854622364044e-04
3.372941864654421806e-04
3.552144917193800211e-04
3.425752220209687948e-04
3.657536581158638000e-04
3.506689099594950676e-04
3.967672819271683693e-04
3.357819514349102974e-04
3.440942673478275537e-04
3.524409839883446693e-04
3.854278184007853270e-04
3.491723036859184504e-04
3.515341959428042173e-04
3.687677381094545126e-04
3.483901964500546455e-04
3.558831231202930212e-04
3.640365612227469683e-04
3.538905875757336617e-04
3.572924179024994373e-04
3.446216287557035685e-04
4.289942735340446234e-04
3.431542718317359686e-04
3.550556721165776253e-04
3.391197824385017157e-04
3.544552600942552090e-04
3.504875639919191599e-04
4.093593743164092302e-04
3.675097541417926550e-04
3.544322389643639326e-04
3.546811058185994625e-04
3.520579775795340538e-04
3.450821095611900091e-04
3.575457085389643908e-04
3.672643506433814764e-04
3.405050083529204130e-04
3.526224754750728607e-04
3.300762036815285683e-04
3.389649500604718924e-04
3.689627046696841717e-04
3.675810294225811958e-04
3.461096493992954493e-04
3.651129081845283508e-04
3.514971758704632521e-04
3.360577393323183060e-04
3.384528972674161196e-04
3.453390672802925110e-04
3.481171734165400267e-04
3.417228581383824348e-04
3.469769144430756569e-04
3.516308497637510300e-04
3.480813466012477875e-04
3.464116889517754316e-04
3.386008902452886105e-04
3.568573447410017252e-04
3.478149592410773039e-04
3.485657216515392065e-04
3.543174534570425749e-04
3.375663363840430975e-04
3.465131158009171486e-04
3.495415439829230309e-04
3.473938850220292807e-04
3.630937135312706232e-04
3.497914003673940897e-04
3.442172310315072536e-04
3.647923585958778858e-04
3.668723220471292734e-04
3.447400813456624746e-04
3.468577051535248756e-04
3.499757149256765842e-04
3.565726510714739561e-04
3.511079703457653522e-04
3.443139139562845230e-04
3.489486698526889086e-04
3.640237846411764622e-04
3.453775425441563129e-04
3.691159072332084179e-04
3.441851295065134764e-04
3.667036653496325016e-04
3.653461171779781580e-04
3.496942808851599693e-04
3.382305731065571308e-04
3.690216108225286007e-04
3.301019605714827776e-04
3.527170629240572453e-04
3.521403123158961535e-04
3.498620062600821257e-04
4.132913600187748671e-04
3.344376455061137676e-04
3.556440060492604971e-04
3.475673438515514135e-04
3.394010127522051334e-04
3.488336515147238970e-04
3.489094960968941450e-04
3.674413019325584173e-04
3.385111340321600437e-04
3.685895935632288456e-04
3.523586201481521130e-04
3.394641098566353321e-04
3.685929405037313700e-04
3.441795415710657835e-04
3.490790841169655323e-04
3.488601942081004381e-04
3.486453497316688299e-04
3.532113914843648672e-04
3.502378240227699280e-04
3.479159204289317131e-04
3.499534504953771830e-04
3.546168736647814512e-04
3.493068215902894735e-04
3.547894593793898821e-04
3.486382775008678436e-04
3.464043256826698780e-04
3.437155100982636213e-04
3.515580319799482822e-04
3.456078411545604467e-04
3.549967077560722828e-04
3.514533455017954111e-04
3.531601687427610159e-04
3.700120141729712486e-04
3.676450287457555532e-04
3.570185217540711164e-04
3.655950131360441446e-04
3.626007237471640110e-04
3.652923915069550276e-04
3.726436698343604803e-04
3.483839391265064478e-04
3.442331508267670870e-04
3.365535230841487646e-04
3.392655635252594948e-04
3.150055708829313517e-04
3.573156427592039108e-04
3.581425989978015423e-04
3.349167236592620611e-04
3.489002992864698172e-04
3.659528447315096855e-04
3.544780192896723747e-04
3.386923053767532110e-04
3.527492517605423927e-04
3.456451522652059793e-04
3.635865577962249517e-04
3.535735304467380047e-04
3.401321882847696543e-04
3.382202994544059038e-04
3.443667083047330379e-04
3.499687882140278816e-04
3.504928026814013720e-04
3.395488311070948839e-04
3.548398090060800314e-04
3.459432336967438459e-04
3.512407711241394281e-04
3.929546510335057974e-04
3.526366199366748333e-04
3.472110547591000795e-04
3.389292978681623936e-04
3.362497664056718349e-04
3.448855713941156864e-04
3.424333408474922180e-04
3.423430025577545166e-04
3.538283344823867083e-04
3.389148914720863104e-04
3.467506612651050091e-04
3.687837743200361729e-04
3.529873210936784744e-04
3.472566022537648678e-04
3.679952933453023434e-04
3.649890131782740355e-04
3.547850938048213720e-04
3.484915359877049923e-04
3.562176134437322617e-04
3.381598507985472679e-04
3.477564896456897259e-04
3.442135930527001619e-04
3.499660233501344919e-04
3.440603904891759157e-04
3.502198960632085800e-04
3.454129910096526146e-04
3.495008859317749739e-04
3.524146450217813253e-04
3.511310787871479988e-04
3.650574362836778164e-04
3.387767064850777388e-04
3.501558385323733091e-04
3.386288008186966181e-04
3.528017550706863403e-04
3.699334338307380676e-04
3.427108167670667171e-04
3.430446085985749960e-04
3.684549883473664522e-04
3.544323844835162163e-04
3.375260857865214348e-04
3.357467066962271929e-04
3.424558381084352732e-04
3.462074091657996178e-04
3.454241668805480003e-04
3.490562376100569963e-04
3.543118946254253387e-04
3.476186539046466351e-04
3.332529740873724222e-04
3.438515122979879379e-04
4.328825743868947029e-04
3.379144181963056326e-04
3.373314393684267998e-04
3.826150787062942982e-04
3.505845961626619101e-04
3.500973107293248177e-04
3.388654149603098631e-04
3.501238243188709021e-04
3.385399177204817533e-04
3.494861011859029531e-04
3.507791552692651749e-04
3.903666511178016663e-04
3.408517804928123951e-04
3.709293960127979517e-04
3.531285910867154598e-04
3.710987220983952284e-04
3.646762634161859751e-04
3.479824517853558064e-04
3.486546047497540712e-04
3.467591595835983753e-04
3.457145066931843758e-04
3.581825585570186377e-04
3.383965522516518831e-04
3.566303348634392023e-04
3.434662357904016972e-04
3.685342089738696814e-04
3.593370784074068069e-04
3.502178296912461519e-04
3.513104165904223919e-04
3.529682289808988571e-04
3.493508556857705116e-04
3.454748366493731737e-04
3.702950489241629839e-04
3.365897282492369413e-04
3.453704703133553267e-04
3.381794958841055632e-04
3.493629919830709696e-04
3.525531501509249210e-04
3.560085024219006300e-04
3.365609154570847750e-04
3.541508922353386879e-04
3.672615275718271732e-04
3.435410908423364162e-04
3.547222004272043705e-04
3.520216268952935934e-04
3.527732624206691980e-04
3.535402938723564148e-04
3.483562904875725508e-04
3.513635310810059309e-04
3.660361689981073141e-04
3.556518058758229017e-04
3.502960316836833954e-04
3.440014261286705732e-04
3.486022178549319506e-04
3.458761493675410748e-04
3.666036936920136213e-04
3.517535224091261625e-04
3.395343082956969738e-04
3.616962931118905544e-04
4.183975688647478819e-04
3.470429801382124424e-04
3.576962626539170742e-04
3.498821170069277287e-04
3.613859007600694895e-04
3.538322634994983673e-04
3.668836143333464861e-04
3.437293053139001131e-04
3.475775010883808136e-04
3.471455711405724287e-04
3.394750528968870640e-04
3.471017698757350445e-04
3.667646960821002722e-04
3.455026308074593544e-04
3.388991462998092175e-04
3.547428641468286514e-04
3.366096934769302607e-04
3.450410440564155579e-04
3.509717353153973818e-04
3.454030083958059549e-04
3.481455787550657988e-04
3.391694917809218168e-04
3.392319194972515106e-04
3.468830254860222340e-04
3.383724251762032509e-04
3.493117692414671183e-04
3.637016925495117903e-04
3.484331828076392412e-04
3.660480142571032047e-04
3.435092803556472063e-04
3.647242847364395857e-04
3.332464839331805706e-04
3.507992660161107779e-04
3.462906461209058762e-04
3.391241480130702257e-04
3.496393619570881128e-04
3.627937985584139824e-04
3.551430127117782831e-04
3.518726443871855736e-04
3.428884956520050764e-04
3.702488902490586042e-04
3.469648072496056557e-04
3.535857540555298328e-04
3.458080173004418612e-04
3.469071816653013229e-04
3.337329835630953312e-04
3.460407024249434471e-04
3.491997777018696070e-04
3.378390683792531490e-04
3.503244370222091675e-04
3.537943994160741568e-04
3.443051245994865894e-04
3.380698326509445906e-04
4.191368352621793747e-04
3.497471625450998545e-04
3.453647368587553501e-04
3.391971986275166273e-04
3.452993696555495262e-04
3.443617024458944798e-04
3.649271384347230196e-04
3.528824599925428629e-04
3.385798772796988487e-04
3.316389920655637980e-04
3.383687871973961592e-04
3.436018014326691628e-04
3.670713631436228752e-04
3.390132915228605270e-04
3.491770476102828979e-04
3.373053914401680231e-04
3.444548638071864843e-04
3.470384399406611919e-04
3.390074998605996370e-04
3.529342648107558489e-04
3.714738995768129826e-04
3.461510641500353813e-04
3.394331724848598242e-04
3.557697054930031300e-04
3.488851652946323156e-04
3.392118378542363644e-04
3.386743192095309496e-04
3.503741463646292686e-04
3.468608192633837461e-04
3.444766043685376644e-04
3.490375529509037733e-04
3.391683858353644609e-04
3.391423379071056843e-04
3.364628937561064959e-04
3.586639650166034698e-04
3.622009826358407736e-04
3.436520346440374851e-04
3.565662191249430180e-04
3.477456630207598209e-04
3.449374635238200426e-04
3.374937514308840036e-04
3.581556084100157022e-04
3.499164886306971312e-04
3.586375969462096691e-04
3.592821303755044937e-04
3.534094430506229401e-04
3.522055922076106071e-04
3.597592294681817293e-04
3.380940179340541363e-04
3.528436354827135801e-04
3.542293270584195852e-04
3.389696648810058832e-04
3.648495476227253675e-04
3.599361516535282135e-04
3.537254233378916979e-04
3.491961979307234287e-04
3.398464759811758995e-04
3.453271929174661636e-04
3.336665395181626081e-04
3.667247074190527201e-04
3.686256823129951954e-04
3.534756833687424660e-04
3.538686432875692844e-04
3.395494422875344753e-04
3.648589190561324358e-04
3.501409373711794615e-04
3.651005972642451525e-04
3.456894482951611280e-04
3.412350779399275780e-04
3.536700096447020769e-04
3.460660809651017189e-04
3.464568872004747391e-04
3.374974767211824656e-04
3.542017948348075151e-04
3.495821438264101744e-04
3.461315063759684563e-04
3.499619197100400925e-04
3.512735711410641670e-04
3.535175637807697058e-04
3.721284738276153803e-04
3.441650769673287868e-04
3.440636501181870699e-04
3.435258986428380013e-04
3.519885358400642872e-04
3.515573043841868639e-04
3.294908674433827400e-04
3.472822136245667934e-04
3.463151224423199892e-04
3.357592213433235884e-04
3.623726952355355024e-04
3.554316353984177113e-04
3.388238837942481041e-04
3.383582516107708216e-04
3.479361475910991430e-04
3.671115264296531677e-04
3.450395888648927212e-04
3.389524354133754969e-04
3.382472787052392960e-04
3.484174667391926050e-04
3.479989536572247744e-04
3.433787787798792124e-04
3.396591346245259047e-04
3.492182295303791761e-04
3.477190039120614529e-04
3.491963725537061691e-04
3.486308560241013765e-04
3.492068790365010500e-04
3.454919497016817331e-04
3.507352375891059637e-04
3.480213636066764593e-04
3.366675809957087040e-04
3.381727437954396009e-04
3.479577426332980394e-04
3.506295615807175636e-04
3.488342917989939451e-04
3.491269599180668592e-04
3.515728458296507597e-04
3.673153114505112171e-04
3.473440301604568958e-04
3.459891886450350285e-04
3.449963114690035582e-04
3.379810368642210960e-04
3.382553986739367247e-04
3.397089312784373760e-04
3.380286507308483124e-04
3.380675916559994221e-04
3.564376092981547117e-04
3.462999884504824877e-04
3.488755901344120502e-04
3.697904467117041349e-04
3.456623235251754522e-04
3.386793541721999645e-04
3.540127654559910297e-04
3.700315719470381737e-04
3.543933853507041931e-04
3.396599786356091499e-04
3.480192972347140312e-04
3.435357939451932907e-04
3.636128676589578390e-04
3.508331428747624159e-04
3.471295931376516819e-04
3.533282724674791098e-04
3.556590236257761717e-04
3.387381730135530233e-04
3.451122611295431852e-04
3.372851351741701365e-04
3.339730028528720140e-04
3.707926371134817600e-04
3.668727586045861244e-04
3.481532330624759197e-04
3.271758323535323143e-04
3.448518400546163321e-04
3.469074435997754335e-04
3.446322516538202763e-04
4.039148334413766861e-04
3.462966124061495066e-04
3.725642163772135973e-04
3.489955270197242498e-04
3.569578111637383699e-04
3.475401899777352810e-04
3.531955007929354906e-04
3.648279525805264711e-04
3.679066721815615892e-04
3.463835164438933134e-04
3.449087380431592464e-04
3.493943950161337852e-04
3.700769157148897648e-04
3.706410352606326342e-04
3.684562689159065485e-04
3.536591248121112585e-04
3.530958783812820911e-04
3.450112417340278625e-04
3.515065182000398636e-04
3.555447619874030352e-04
3.726659924723207951e-04
3.377216344233602285e-04
3.431838995311409235e-04
3.664567775558680296e-04
3.604499506764113903e-04
3.457353741396218538e-04
3.501916362438350916e-04
3.507225483190268278e-04
3.379519330337643623e-04
4.365566419437527657e-04
3.712548932526260614e-04
3.556961310096085072e-04
3.549935063347220421e-04
3.550944093149155378e-04
3.606536483857780695e-04
3.433694364503026009e-04
3.542460617609322071e-04
3.415545797906816006e-04
3.461966989561915398e-04
3.570624103303998709e-04
3.487275098450481892e-04
3.389558696653693914e-04
3.517384466249495745e-04
3.477995924185961485e-04
3.393830847926437855e-04
3.455103142186999321e-04
3.494406992103904486e-04
3.347987658344209194e-04
3.477746504358947277e-04
3.497267025522887707e-04
3.569325199350714684e-04
3.545257786754518747e-04
3.526504733599722385e-04
3.488170041237026453e-04
3.526180225890129805e-04
3.640385984908789396e-04
3.683222457766532898e-04
3.540523175615817308e-04
3.554274444468319416e-04
3.539017925504595041e-04
3.515223506838083267e-04
3.390377096366137266e-04
3.671834710985422134e-04
3.392031067050993443e-04
3.502488252706825733e-04
3.659951034933328629e-04
3.464341571088880301e-04
3.387170727364718914e-04
3.688807191792875528e-04
3.497519064694643021e-04
3.472372773103415966e-04
3.497084835544228554e-04
3.692856407724320889e-04
3.541241458151489496e-04
3.501740284264087677e-04
3.452382516115903854e-04
3.505046479403972626e-04
3.489165683276951313e-04
3.374427033122628927e-04
3.471436793915927410e-04
3.452081000432372093e-04
3.515605349093675613e-04
3.512196126393973827e-04
3.460912557784467936e-04
3.444804751779884100e-04
3.626150137279182673e-04
3.627158876042813063e-04
3.465054614935070276e-04
3.347835445310920477e-04
3.436007245909422636e-04
3.711988101713359356e-04
3.450962831266224384e-04
3.489829832687973976e-04
3.582787176128476858e-04
3.542441700119525194e-04
3.414605453144758940e-04
3.674161271192133427e-04
3.682403184939175844e-04
3.672845195978879929e-04
3.444365866016596556e-04
3.696370404213666916e-04
3.453127574175596237e-04
3.531575493980199099e-04
3.368870238773524761e-04
3.526203217916190624e-04
3.647330740932375193e-04
3.396248212084174156e-04
3.340633702464401722e-04
3.464933251962065697e-04
3.451329830568283796e-04
3.395351814106106758e-04
3.694983606692403555e-04
3.460796724539250135e-04
3.469007788226008415e-04
3.512752882670611143e-04
3.516480501275509596e-04
3.386765602044761181e-04
3.534957068040966988e-04
3.450905205681920052e-04
3.497884317766875029e-04
3.569760592654347420e-04
3.534922434482723475e-04
3.470051160547882318e-04
3.693580219987779856e-04
3.506864013615995646e-04
3.440278233028948307e-04
3.697471693158149719e-04
3.393960942048579454e-04
3.465984482318162918e-04
3.384570300113409758e-04
3.395826788619160652e-04
3.391657955944538116e-04
3.481594321783632040e-04
3.445319307502359152e-04
3.461827291175723076e-04
3.398103290237486362e-04
3.652870072983205318e-04
3.466300549916923046e-04
3.510083188302814960e-04
3.390367492102086544e-04
3.668296267278492451e-04
3.518450539559125900e-04
3.436120168771594763e-04
3.550194378476589918e-04
3.431794757489115000e-04
3.006925398949533701e-04
3.522888582665473223e-04
3.529872628860175610e-04
3.464126493781805038e-04
3.427888441365212202e-04
3.494799893815070391e-04
3.463311004452407360e-04
3.667695855256170034e-04
3.480594023130834103e-04
3.470209485385566950e-04
3.477499412838369608e-04
4.336213169153779745e-04
3.443777968641370535e-04
3.710382734425365925e-04
3.440210712142288685e-04
3.387851174920797348e-04
3.391415229998528957e-04
3.609542618505656719e-04
3.618972259573638439e-04
3.489475639071315527e-04
3.376622044015675783e-04
3.472249663900583982e-04
3.429850039537996054e-04
3.533929702825844288e-04
3.503573825582861900e-04
3.549933026079088449e-04
3.430533688515424728e-04
4.259718698449432850e-04
3.369826590642333031e-04
3.514145500957965851e-04
3.506253706291317940e-04
3.540748439263552427e-04
3.558049211278557777e-04
3.542654449120163918e-04
3.643659001681953669e-04
3.481628955341875553e-04
3.486939822323620319e-04
3.682667156681418419e-04
3.381532151252031326e-04
3.459688450675457716e-04
3.501133178360760212e-04
3.514564887154847383e-04
3.537207958288490772e-04
3.415409591980278492e-04
3.451494558248668909e-04
3.379842964932322502e-04
3.553875430952757597e-04
3.526750952005386353e-04
3.684812982100993395e-04
3.494088887237012386e-04
3.379454428795725107e-04
3.460434672888368368e-04
3.386741445865482092e-04
3.275607887189835310e-04
3.466458001639693975e-04
3.357621899340301752e-04
3.539480385370552540e-04
3.465202171355485916e-04
3.545660583768039942e-04
3.474300901871174574e-04
3.345248114783316851e-04
3.497579600661993027e-04
3.428543277550488710e-04
3.709555603563785553e-04
3.494924749247729778e-04
3.547238011378794909e-04
3.513340197969228029e-04
3.630029677879065275e-04
3.546302905306220055e-04
3.508161753416061401e-04
3.458035062067210674e-04
3.773678035940974951e-04
3.474712721072137356e-04
4.062316729687154293e-04
3.448652569204568863e-04
3.394153900444507599e-04
3.602047800086438656e-04
3.703136462718248367e-04
3.683140967041254044e-04
3.373547806404531002e-04
3.498540318105369806e-04
3.494483535178005695e-04
3.539810422807931900e-04
3.450233198236674070e-04
3.544860228430479765e-04
3.696649218909442425e-04
3.390747006051242352e-04
3.691812744364142418e-04
3.705058770719915628e-04
3.388061013538390398e-04
3.365899901837110519e-04
3.557703457772731781e-04
3.459762083366513252e-04
3.479359438642859459e-04
3.684512630570679903e-04
3.373828658368438482e-04
3.494190750643610954e-04
3.487415087874978781e-04
3.390815691091120243e-04
3.481811727397143841e-04
3.537311567924916744e-04
3.385510935913771391e-04
3.524565254338085651e-04
3.444212488830089569e-04
3.702227550093084574e-04
3.681030066218227148e-04
3.824410378001630306e-04
3.481883322820067406e-04
3.398826229386031628e-04
3.496932622510939837e-04
3.551928966771811247e-04
3.356481320224702358e-04
3.397059044800698757e-04
3.367507888469845057e-04
3.501056926324963570e-04
3.500319435261189938e-04
3.394822706468403339e-04
3.510652459226548672e-04
3.514986892696470022e-04
3.667435667011886835e-04
3.485961060505360365e-04
3.566533850971609354e-04
3.549974644556641579e-04
3.469368675723671913e-04
3.325694415252655745e-04
3.508999652694910765e-04
3.372716309968382120e-04
3.484270127955824137e-04
3.464288893155753613e-04
3.548157401382923126e-04
3.536693984642624855e-04
3.383926523383706808e-04
3.699983935803174973e-04
3.387227770872414112e-04
3.546839870978146791e-04
3.750270698219537735e-04
3.602468641474843025e-04
3.384565061423927546e-04
3.647064149845391512e-04
3.480666782706975937e-04
3.480250015854835510e-04
3.543118655215948820e-04
3.466570924501866102e-04
3.524045750964432955e-04
3.472573007456958294e-04
3.381127899046987295e-04
3.551518893800675869e-04
4.046333488076925278e-04
3.370876365806907415e-04
3.438120766077190638e-04
3.259796940255910158e-04
3.544135834090411663e-04
3.449262876529246569e-04
3.373683139216154814e-04
3.512023831717669964e-04
3.529157838784158230e-04
3.460246080067008734e-04
3.467182978056371212e-04
3.434081736486405134e-04
3.389353805687278509e-04
3.532094124238938093e-04
3.385308082215487957e-04
3.580112825147807598e-04
3.551610279828310013e-04
3.472190001048147678e-04
3.503657644614577293e-04
3.394768864382058382e-04
3.492440155241638422e-04
3.524430503603070974e-04
3.542052581906318665e-04
3.621360228862613440e-04
3.489695955067873001e-04
3.494887787383049726e-04
3.386102907825261354e-04
3.547964734025299549e-04
3.393779916223138571e-04
3.688572323881089687e-04
3.495879354886710644e-04
3.484360640868544579e-04
3.385123854968696833e-04
3.390298224985599518e-04
3.452161035966128111e-04
3.387637843843549490e-04
3.393671941012144089e-04
3.536994918249547482e-04
3.473845717962831259e-04
3.457722777966409922e-04
3.475111734587699175e-04
3.624084638431668282e-04
3.540907055139541626e-04
3.350875922478735447e-04
3.716133069247007370e-04
3.679040237329900265e-04
3.464561596047133207e-04
3.352093626745045185e-04
3.684080438688397408e-04
3.488853399176150560e-04
3.527928201947361231e-04
3.444912435952574015e-04
3.460094158072024584e-04
3.386643948033452034e-04
3.536590666044503450e-04
3.392626240383833647e-04
3.467220521997660398e-04
3.392282524146139622e-04
3.584008954931050539e-04
3.455732367001473904e-04
3.326025325804948807e-04
3.522411570884287357e-04
3.462893655523657799e-04
3.498554578982293606e-04
3.388705954421311617e-04
3.250910085625946522e-04
3.396974643692374229e-04
3.557529416866600513e-04
3.430913784541189671e-04
3.526081563904881477e-04
3.518780285958200693e-04
3.470045630820095539e-04
3.697007196024060249e-04
3.462558961473405361e-04
3.633447922766208649e-04
3.451831289567053318e-04
3.388940240256488323e-04
3.392090147826820612e-04
3.496683493722230196e-04
3.396081738173961639e-04
3.339954128023236990e-04
3.688690485432744026e-04
3.371618513483554125e-04
3.560433688107877970e-04
3.556799783837050200e-04
3.393522056285291910e-04
3.612217842601239681e-04
3.551427798811346292e-04
3.497004217933863401e-04
3.853713278658688068e-04
3.470817173365503550e-04
3.710289602167904377e-04
3.655886685010045767e-04
3.564583894331008196e-04
3.644676180556416512e-04
3.420795255806297064e-04
3.492159885354340076e-04
3.505678323563188314e-04
3.517074219416826963e-04
3.473043034318834543e-04
3.467889910098165274e-04
3.520875761751085520e-04
3.492721007205545902e-04
3.370959893800318241e-04
3.664351243060082197e-04
3.654974279925227165e-04
3.648100828286260366e-04
3.361321287229657173e-04
3.388342156540602446e-04
3.435534890741109848e-04
3.613180306274443865e-04
3.489212540443986654e-04
3.397944383323192596e-04
3.448555944487452507e-04
3.508371592033654451e-04
3.499021113384515047e-04
3.694869810715317726e-04
3.552375419531017542e-04
3.488285583443939686e-04
3.452954988460987806e-04
3.479697043076157570e-04
3.421932633500546217e-04
3.515004063956439495e-04
3.453326644375920296e-04
3.448672650847584009e-04
3.634031163528561592e-04
3.675929910968989134e-04
3.480931627564132214e-04
3.520321915857493877e-04
3.474472905509173870e-04
3.673706960398703814e-04
3.669331781566143036e-04
3.535395662765949965e-04
3.461050800979137421e-04
3.381684073247015476e-04
3.538664605002850294e-04
3.368057950865477324e-04
3.613444278016686440e-04
3.419462882447987795e-04
3.699247317854315042e-04
3.595779708120971918e-04
3.483204927761107683e-04
3.454390389379113913e-04
3.683907270897179842e-04
3.440233704168349504e-04
3.362022689543664455e-04
3.615248715505003929e-04
3.479479055386036634e-04
3.518532030284404755e-04
3.590423730202019215e-04
3.390002530068159103e-04
3.386368916835635900e-04
3.463509492576122284e-04
3.690480371005833149e-04
3.686648560687899590e-04
3.471441741567105055e-04
3.683349641505628824e-04
3.509604139253497124e-04
3.484131593722850084e-04
3.452110104262828827e-04
3.527126391418278217e-04
3.549984248820692301e-04
3.482742467895150185e-04
3.394866944290697575e-04
3.500914608594030142e-04
3.616200119722634554e-04
3.517763689160346985e-04
3.488704969640821218e-04
3.539248427841812372e-04
3.382142749615013599e-04
3.385716991033405066e-04
3.556170850060880184e-04
3.602127253543585539e-04
3.709447628352791071e-04
3.726489376276731491e-04
4.224980657454580069e-04
3.501082828734070063e-04
3.471109084784984589e-04
3.431961813475936651e-04
3.527028311509639025e-04
3.583577054087072611e-04
3.499110171105712652e-04
3.538902383297681808e-04
3.475415869615972042e-04
3.517809673212468624e-04
3.576418093871325254e-04
3.543470520526170731e-04
3.539590397849678993e-04
3.574396832846105099e-04
3.510588430799543858e-04
3.390370111446827650e-04
3.689937293529510498e-04
3.435203398112207651e-04
3.481353924144059420e-04
3.437630366533994675e-04
3.635904286056756973e-04
3.552159178070724010e-04
3.345782752148807049e-04
3.395524690859019756e-04
3.366078890394419432e-04
3.716120263561606407e-04
3.433366946410387754e-04
3.470368683338165283e-04
3.395048552192747593e-04
3.346598823554813862e-04
3.549535176716744900e-04
3.491387760732322931e-04
3.525083011481910944e-04
3.398894623387604952e-04
3.469677467364817858e-04
3.328113525640219450e-04
3.659234498627483845e-04
3.552223788574337959e-04
3.536762087605893612e-04
3.333147615194320679e-04
3.552316047716885805e-04
3.492053074296563864e-04
3.392242069821804762e-04
3.636770125012844801e-04
3.670011356007307768e-04
3.559335018508136272e-04
3.696537751238793135e-04
3.536471049301326275e-04
3.439032298047095537e-04
3.615826426539570093e-04
3.507949877530336380e-04
3.390779020264744759e-04
3.703909169416874647e-04
3.536513831932097673e-04
3.497907891869544983e-04
3.597971226554363966e-04
3.501220198813825846e-04
3.481404564809054136e-04
3.448765783105045557e-04
3.411969810258597136e-04
3.658534551504999399e-04
3.475934499874711037e-04
3.490825183689594269e-04
3.521930484566837549e-04
3.462779277469962835e-04
3.574065049178898335e-04
3.712920879479497671e-04
3.558019816409796476e-04
3.561967459972947836e-04
3.462466993369162083e-04
3.347340971231460571e-04
3.385602904018014669e-04
3.658345085568726063e-04
3.546072402969002724e-04
3.295018686912953854e-04
3.530373505782335997e-04
3.443807945586740971e-04
3.450633957982063293e-04
3.379485569894313812e-04
3.456666890997439623e-04
3.661993832793086767e-04
3.513402480166405439e-04
3.329865867272019386e-04
3.430134966038167477e-04
3.543859347701072693e-04
3.445178444962948561e-04
3.663161478471010923e-04
3.461157903075218201e-04
3.645603719633072615e-04
3.351390478201210499e-04
3.373158979229629040e-04
3.385414602234959602e-04
3.497688740026205778e-04
3.393460065126419067e-04
3.488047805149108171e-04
3.694794722832739353e-04
3.440898144617676735e-04
3.624295059125870466e-04
3.444293979555368423e-04
3.488704096525907516e-04
3.682071401271969080e-04
3.530112735461443663e-04
3.529058303683996201e-04
3.492321993689984083e-04
3.456426202319562435e-04
3.556348674464970827e-04
3.488852817099541426e-04
3.361921408213675022e-04
3.458923310972750187e-04
3.791041381191462278e-04
3.390871861483901739e-04
3.517366712912917137e-04
3.361668495927006006e-04
3.475367557257413864e-04
3.475731646176427603e-04
3.449302748776972294e-04
3.685443080030381680e-04
3.609126433730125427e-04
3.563990176189690828e-04
3.515719145070761442e-04
3.461571759544312954e-04
3.496065910439938307e-04
3.392979851923882961e-04
3.608607221394777298e-04
3.545573854353278875e-04
3.537898301146924496e-04
3.542868071235716343e-04
3.660109941847622395e-04
3.488635993562638760e-04
3.563881327863782644e-04
3.538991732057183981e-04
3.532237897161394358e-04
3.558727039489895105e-04
3.455179685261100531e-04
3.478815779089927673e-04
3.469727525953203440e-04
3.486709319986402988e-04
3.392496146261692047e-04
3.607246326282620430e-04
3.502386971376836300e-04
3.542852355167269707e-04
3.378640685696154833e-04
3.388578479643911123e-04
3.444830363150686026e-04
3.531327820383012295e-04
3.648018464446067810e-04
3.615635796450078487e-04
3.725523129105567932e-04
3.665373369585722685e-04
4.169862950220704079e-04
3.550552646629512310e-04
3.535986761562526226e-04
3.448692150413990021e-04
3.552067792043089867e-04
3.698313375934958458e-04
3.547038068063557148e-04
3.540805191732943058e-04
3.671766025945544243e-04
3.725168935488909483e-04
3.380967827979475260e-04
3.495576092973351479e-04
3.471378877293318510e-04
3.378946857992559671e-04
3.467103815637528896e-04
3.538685268722474575e-04
3.551410336513072252e-04
3.536869189701974392e-04
3.550355031620711088e-04
3.438828571233898401e-04
3.661891096271574497e-04
3.378267865628004074e-04
3.677207860164344311e-04
3.362437419127672911e-04
3.449111536610871553e-04
3.663614043034613132e-04
3.544549981597810984e-04
3.549818648025393486e-04
3.370436024852097034e-04
3.456697158981114626e-04
3.544124774634838104e-04
3.499829035717993975e-04
3.699724038597196341e-04
3.466355265118181705e-04
3.665739204734563828e-04
3.566771629266440868e-04
3.716264618560671806e-04
3.521673206705600023e-04
3.482954343780875206e-04
3.595682792365550995e-04
3.692692844197154045e-04
3.653434396255761385e-04
3.670747391879558563e-04
3.391172213014215231e-04
3.533112467266619205e-04
3.609409031923860312e-04
3.479235456325113773e-04
3.393034276086837053e-04
3.631763102021068335e-04
3.479649021755903959e-04
3.615400346461683512e-04
3.562917991075664759e-04
3.381480055395513773e-04
3.463798784650862217e-04
3.482488391455262899e-04
3.424418682698160410e-04
3.460536536294966936e-04
3.403052396606653929e-04
3.546905063558369875e-04
3.452073142398148775e-04
3.513887932058423758e-04
3.487360081635415554e-04
3.660047368612140417e-04
3.965879150200635195e-04
3.386630851309746504e-04
3.584784280974417925e-04
3.499875892885029316e-04
3.453991666901856661e-04
3.542085760273039341e-04
3.543844795785844326e-04
3.522780025377869606e-04
3.459659346845000982e-04
3.462977474555373192e-04
3.458175924606621265e-04
3.369210171513259411e-04
3.471833479125052691e-04
3.644141543190926313e-04
3.460763837210834026e-04
3.373717481736093760e-04
3.474181285127997398e-04
3.438295971136540174e-04
3.542742924764752388e-04
3.465572081040591002e-04
3.654012398328632116e-04
3.383108705747872591e-04
3.637550107669085264e-04
3.482114407233893871e-04
3.641500661615282297e-04
3.454601392149925232e-04
3.376991080585867167e-04
3.521423786878585815e-04
3.515629796311259270e-04
3.543627390172332525e-04
3.383121802471578121e-04
3.393981023691594601e-04
3.408932534512132406e-04
3.672789025586098433e-04
3.509764210321009159e-04
3.504909982439130545e-04
3.615432360675185919e-04
3.541816840879619122e-04
3.452975652180612087e-04
3.501735336612910032e-04
3.622904769144952297e-04
3.467030182946473360e-04
3.473554970696568489e-04
3.505647473502904177e-04
3.454888064879924059e-04
3.673528553918004036e-04
3.695865452755242586e-04
3.526529180817306042e-04
3.508292429614812136e-04
3.710010787472128868e-04
3.662920789793133736e-04
3.656368062365800142e-04
3.512825642246752977e-04
3.493729163892567158e-04
3.644733806140720844e-04
3.442651941440999508e-04
3.390017955098301172e-04
3.470713272690773010e-04
3.458673891145735979e-04
3.482958127278834581e-04
3.493845870252698660e-04
3.388631448615342379e-04
3.638571652118116617e-04
3.512655384838581085e-04
3.495470155030488968e-04
3.526612999849021435e-04
3.364382137078791857e-04
3.320315445307642221e-04
3.383484727237373590e-04
3.538798773661255836e-04
3.514879208523780107e-04
3.455678233876824379e-04
3.441772714722901583e-04
3.371465136297047138e-04
3.480800951365381479e-04
3.480954910628497601e-04
3.502585750538855791e-04
3.688204742502421141e-04
3.303074045106768608e-04
3.560119075700640678e-04
3.691988240461796522e-04
3.427075571380555630e-04
3.496661083772778511e-04
3.392618382349610329e-04
3.425164031796157360e-04
3.565968654584139585e-04
3.471753152552992105e-04
3.522403130773454905e-04
3.498067671898752451e-04
3.483460750430822372e-04
3.483930195216089487e-04
3.395634994376450777e-04
3.452257078606635332e-04
3.657896886579692364e-04
3.902403113897889853e-04
3.680240188259631395e-04
3.594268637243658304e-04
3.386786847840994596e-04
3.653736202977597713e-04
3.460064181126654148e-04
3.480804443825036287e-04
3.419651184231042862e-04
3.447022463660687208e-04
3.393067163415253162e-04
3.685496049001812935e-04
3.376330714672803879e-04
3.550126275513321161e-04
3.553571295924484730e-04
3.474034892860800028e-04
3.699082008097320795e-04
3.392659709788858891e-04
3.628423437476158142e-04
3.541593614500015974e-04
3.377988468855619431e-04
3.464381152298301458e-04
3.489986411295831203e-04
3.457121783867478371e-04
3.376409586053341627e-04
3.543779603205621243e-04
3.349395701661705971e-04
3.436211263760924339e-04
3.478722064755856991e-04
3.508083173073828220e-04
3.506901848595589399e-04
3.536815347615629435e-04
3.645206452347338200e-04
3.679359215311706066e-04
3.553641436155885458e-04
3.805674496106803417e-04
3.443429304752498865e-04
3.459534200374037027e-04
3.645087708719074726e-04
3.473295364528894424e-04
3.450984368100762367e-04
3.399013075977563858e-04
3.397560212761163712e-04
3.424040623940527439e-04
3.566845844034105539e-04
3.374009975232183933e-04
3.515219141263514757e-04
3.483132750261574984e-04
3.682952374219894409e-04
3.451452648732811213e-04
3.380147099960595369e-04
3.688700380735099316e-04
3.349311300553381443e-04
3.440940054133534431e-04
3.494995180517435074e-04
3.377342363819479942e-04
3.657214401755481958e-04
3.559440956450998783e-04
3.390918427612632513e-04
3.435442922636866570e-04
3.683437244035303593e-04
3.458318242337554693e-04
3.682661626953631639e-04
3.711585304699838161e-04
3.475100966170430183e-04
3.679416549857705832e-04
3.681766393128782511e-04
3.584304940886795521e-04
3.470621013548225164e-04
3.498822916299104691e-04
3.534911375027149916e-04
3.511081740725785494e-04
3.457237908151000738e-04
3.484916232991963625e-04
3.493013791739940643e-04
3.401132707949727774e-04
3.389873891137540340e-04
3.682299284264445305e-04
3.456978884059935808e-04
3.516602446325123310e-04
3.472021198831498623e-04
3.534501011017709970e-04
3.341143892612308264e-04
3.498320584185421467e-04
3.671860031317919493e-04
3.555345756467431784e-04
3.729471645783632994e-04
3.455017285887151957e-04
3.498134028632193804e-04
3.444938629399985075e-04
3.392265934962779284e-04
3.427539777476340532e-04
3.434488316997885704e-04
3.534611023496836424e-04
3.484329208731651306e-04
3.439220017753541470e-04
3.584652440622448921e-04
4.290715733077377081e-04
3.676070773508399725e-04
3.437530540395528078e-04
3.466978669166564941e-04
3.466772905085235834e-04
3.392982471268624067e-04
3.685923584271222353e-04
3.539126482792198658e-04
3.644991957116872072e-04
3.539507742971181870e-04
3.646839759312570095e-04
3.498877049423754215e-04
3.430934157222509384e-04
3.437957202550023794e-04
3.335237561259418726e-04
3.685901174321770668e-04
3.565548104234039783e-04
3.380931739229708910e-04
3.553407150320708752e-04
3.541385231073945761e-04
3.641997172962874174e-04
3.540658799465745687e-04
3.486487548798322678e-04
3.691043821163475513e-04
3.573537687771022320e-04
3.544614301063120365e-04
3.659192589111626148e-04
3.528883680701255798e-04
3.510574169922620058e-04
3.485067572910338640e-04
3.695398627314716578e-04
3.338204987812787294e-04
3.444605681579560041e-04
3.466131747700273991e-04
3.636555920820683241e-04
3.676642372738569975e-04
3.468937356956303120e-04
3.558609168976545334e-04
3.360328846611082554e-04
3.478462458588182926e-04
3.671152808237820864e-04
3.448171191848814487e-04
3.487634530756622553e-04
3.454385732766240835e-04
3.549846878740936518e-04
3.535996365826576948e-04
3.586399834603071213e-04
3.638005000539124012e-04
3.617911424953490496e-04
3.454867692198604345e-04
3.451057418715208769e-04
3.381618007551878691e-04
3.705541312228888273e-04
3.343244898132979870e-04
3.515522112138569355e-04
3.528108354657888412e-04
3.392716753296554089e-04
3.489310911390930414e-04
3.672696766443550587e-04
3.613834560383111238e-04
3.668074496090412140e-04
3.718746884260326624e-04
3.625964163802564144e-04
3.486452624201774597e-04
3.546960942912846804e-04
3.480556770227849483e-04
3.649858117569237947e-04
3.533643030095845461e-04
3.495796408969908953e-04
3.681656671687960625e-04
3.376998065505176783e-04
3.810308407992124557e-04
3.528125525917857885e-04
3.365397860761731863e-04
3.475135017652064562e-04
3.390101774130016565e-04
3.556050651241093874e-04
3.430328506510704756e-04
3.300047828815877438e-04
3.483858890831470490e-04
3.502285399008542299e-04
3.539657045621424913e-04
3.436742990743368864e-04
3.392923681531101465e-04
3.460686129983514547e-04
3.438702260609716177e-04
3.665067197289317846e-04
3.499738522805273533e-04
3.447988419793546200e-04
3.363796276971697807e-04
3.540127654559910297e-04
3.379742847755551338e-04
3.594355366658419371e-04
3.455966361798346043e-04
3.549379762262105942e-04
3.551287518348544836e-04
3.456562408246099949e-04
3.643175587058067322e-04
3.507680958136916161e-04
3.519446472637355328e-04
3.426389885134994984e-04
3.589478437788784504e-04
3.485736087895929813e-04
3.513021219987422228e-04
3.474421100690960884e-04
3.678702341858297586e-04
3.534321149345487356e-04
3.497662255540490150e-04
3.851404180750250816e-04
3.394679515622556210e-04
3.495253913570195436e-04
3.548450767993927002e-04
3.448034112807363272e-04
3.432177472859621048e-04
3.377536486368626356e-04
3.462534223217517138e-04
3.664468240458518267e-04
3.532637783791869879e-04
3.647921839728951454e-04
3.535460564307868481e-04
3.387774922885000706e-04
3.656766202766448259e-04
3.548913227859884501e-04
3.490188682917505503e-04
3.905946796294301748e-04
3.466883790679275990e-04
3.524141793604940176e-04
3.668046847451478243e-04
3.382134600542485714e-04
3.688582219183444977e-04
3.352852654643356800e-04
3.437879786361008883e-04
3.368397010490298271e-04
3.539063909556716681e-04
3.685276315081864595e-04
3.478175494819879532e-04
3.484130138531327248e-04
3.557151649147272110e-04
3.652803134173154831e-04
3.499931190162897110e-04
3.555942384991794825e-04
3.546702791936695576e-04
3.578662290237843990e-04
3.391869831830263138e-04
3.474496770650148392e-04
3.385432355571538210e-04
3.554514842107892036e-04
3.694409679155796766e-04
3.677390050143003464e-04
3.477228747215121984e-04
3.708465665113180876e-04
3.547826490830630064e-04
3.462091553956270218e-04
3.478935104794800282e-04
3.473642864264547825e-04
3.594068693928420544e-04
3.482742176856845617e-04
3.645754477474838495e-04
3.385029267519712448e-04
3.439609718043357134e-04
3.487486101221293211e-04
3.484407498035579920e-04
3.447162162046879530e-04
3.556919982656836510e-04
3.707498253788799047e-04
3.572776913642883301e-04
3.662520903162658215e-04
3.488650254439562559e-04
3.454995166976004839e-04
3.534642164595425129e-04
3.682027454487979412e-04
3.395813691895455122e-04
3.534083371050655842e-04
3.479967708699405193e-04
3.331312909722328186e-04
3.370722988620400429e-04
3.610387793742120266e-04
3.510613460093736649e-04
3.392826765775680542e-04
3.369608311913907528e-04
3.693192556966096163e-04
3.385560703463852406e-04
4.326794587541371584e-04
3.481385065242648125e-04
3.685982082970440388e-04
3.667195269372314215e-04
3.332863852847367525e-04
3.524305939208716154e-04
3.376582462806254625e-04
3.497426805552095175e-04
3.444503818172961473e-04
3.473935066722333431e-04
3.624145756475627422e-04
3.499156446196138859e-04
3.511752001941204071e-04
3.475340490695089102e-04
3.551911213435232639e-04
3.394055238459259272e-04
3.533808339852839708e-04
3.694135812111198902e-04
3.641796356532722712e-04
3.771151532419025898e-04
3.439862630330026150e-04
3.507960645947605371e-04
3.505711501929908991e-04
3.636303881648927927e-04
3.487289941404014826e-04
3.386750759091228247e-04
3.377792891114950180e-04
3.690991434268653393e-04
3.554090508259832859e-04
3.561076009646058083e-04
3.514965937938541174e-04
3.380528651177883148e-04
3.391054633539170027e-04
3.539956524036824703e-04
3.484007902443408966e-04
3.505643398966640234e-04
3.452468663454055786e-04
3.332227061036974192e-04
3.464198089204728603e-04
3.478202852420508862e-04
3.616112226154655218e-04
3.451822849456220865e-04
3.661106748040765524e-04
3.542499907780438662e-04
3.437307896092534065e-04
3.541025798767805099e-04
3.424158203415572643e-04
3.485233464743942022e-04
3.377561224624514580e-04
3.677953500300645828e-04
3.536929725669324398e-04
3.568651736713945866e-04
3.545265353750437498e-04
3.538194578140974045e-04
3.396272659301757812e-04
3.685617120936512947e-04
3.386504540685564280e-04
3.518284356687217951e-04
3.345728036947548389e-04
3.398222615942358971e-04
3.635728789959102869e-04
3.675489861052483320e-04
3.531887196004390717e-04
3.387902979739010334e-04
3.991267585661262274e-04
3.387670149095356464e-04
3.479146689642220736e-04
3.599791089072823524e-04
3.390052006579935551e-04
3.477941208984702826e-04
3.672980528790503740e-04
3.468559007160365582e-04
3.488348738756030798e-04
3.459588624536991119e-04
3.627929254435002804e-04
3.491237293928861618e-04
3.436572151258587837e-04
3.462923050392419100e-04
3.451580705586820841e-04
3.648447163868695498e-04
3.544671344570815563e-04
3.397551772650331259e-04
3.379534173291176558e-04
3.387371252756565809e-04
3.622718504630029202e-04
3.453987592365592718e-04
3.483369946479797363e-04
3.474781697150319815e-04
3.388215554878115654e-04
3.475315752439200878e-04
3.590115520637482405e-04
3.429523203521966934e-04
3.695759805850684643e-04
3.498950682114809752e-04
3.331263142172247171e-04
3.531858965288847685e-04
3.537016164045780897e-04
3.447452909313142300e-04
3.545097715687006712e-04
3.461787418927997351e-04
3.671172307804226875e-04
3.384914307389408350e-04
3.430084907449781895e-04
3.392775251995772123e-04
3.664071264211088419e-04
3.559247124940156937e-04
3.394272644072771072e-04
3.506408829707652330e-04
3.397508698981255293e-04
3.394324448890984058e-04
3.440659784246236086e-04
3.542663180269300938e-04
3.456216945778578520e-04
3.483586187940090895e-04
3.471722884569317102e-04
3.561777994036674500e-04
3.349645703565329313e-04
3.493382537271827459e-04
3.495798155199736357e-04
3.613172157201915979e-04
3.652434970717877150e-04
3.472093667369335890e-04
3.553504357114434242e-04
3.500518214423209429e-04
3.392675716895610094e-04
3.461024025455117226e-04
3.515939461067318916e-04
3.381074056960642338e-04
3.504629712551832199e-04
3.349522303324192762e-04
3.526245418470352888e-04
3.694181505125015974e-04
3.544646606314927340e-04
3.469244111329317093e-04
3.441173757892102003e-04
3.391549107618629932e-04
3.372267819941043854e-04
3.406871692277491093e-04
3.507137007545679808e-04
3.679501824080944061e-04
3.455657279118895531e-04
3.504104679450392723e-04
3.387712058611214161e-04
3.694186161737889051e-04
3.456219565123319626e-04
3.632186271715909243e-04
3.464059263933449984e-04
3.480924642644822598e-04
3.541616315487772226e-04
3.336740483064204454e-04
3.314644272904843092e-04
3.504817432258278131e-04
3.640563227236270905e-04
3.588730469346046448e-04
3.633359156083315611e-04
3.568516403902322054e-04
3.461479209363460541e-04
3.546300576999783516e-04
3.469620714895427227e-04
3.592192952055484056e-04
3.478387661743909121e-04
3.393029328435659409e-04
3.512081457301974297e-04
3.549914399627596140e-04
3.396573301870375872e-04
3.517132427077740431e-04
3.469062503427267075e-04
3.398170811124145985e-04
3.665626863949000835e-04
3.384073788765817881e-04
3.349826438352465630e-04
3.389937919564545155e-04
3.479277074802666903e-04
3.685671836137771606e-04
3.468210925348103046e-04
3.640215727500617504e-04
3.247045387979596853e-04
3.408054471947252750e-04
3.492794930934906006e-04
3.463507746346294880e-04
3.370163612999022007e-04
3.656567714642733335e-04
3.464988258201628923e-04
3.421707660891115665e-04
3.467323549557477236e-04
3.506116336211562157e-04
3.471116651780903339e-04
3.575464652385562658e-04
3.452021337579935789e-04
3.553140268195420504e-04
3.473535180091857910e-04
3.442573361098766327e-04
3.476225247140973806e-04
3.396446409169584513e-04
3.647786797955632210e-04
3.480662708170711994e-04
3.436967090237885714e-04
3.622962976805865765e-04
3.436785773374140263e-04
3.479705483186990023e-04
3.457581915426999331e-04
3.663339011836796999e-04
3.511011018417775631e-04
3.532445116434246302e-04
3.361386479809880257e-04
3.357997338753193617e-04
3.391859645489603281e-04
3.594552108552306890e-04
3.546391380950808525e-04
3.608620318118482828e-04
3.413987869862467051e-04
3.447402559686452150e-04
3.551173431333154440e-04
3.498136356938630342e-04
3.636483743321150541e-04
3.466450725682079792e-04
3.388972254469990730e-04
3.609829291235655546e-04
3.455740516074001789e-04
3.691577585414052010e-04
3.844484162982553244e-04
3.354657674208283424e-04
3.739967360161244869e-04
3.538516466505825520e-04
3.489401133265346289e-04
3.401623980607837439e-04
3.490977105684578419e-04
3.373033250682055950e-04
3.568154061213135719e-04
3.565086517482995987e-04
3.557612362783402205e-04
3.458063874859362841e-04
3.461281885392963886e-04
3.577746683731675148e-04
3.392006910871714354e-04
3.409363271202892065e-04
3.587885585147887468e-04
3.689183795358985662e-04
3.471992968115955591e-04
3.517222357913851738e-04
3.392089565750211477e-04
3.554931899998337030e-04
3.523986961226910353e-04
3.468734503258019686e-04
3.521484904922544956e-04
3.492816758807748556e-04
3.387532779015600681e-04
3.586561651900410652e-04
3.590532287489622831e-04
3.561983758118003607e-04
3.441661247052252293e-04
3.367313474882394075e-04
3.388871846254914999e-04
3.535952128004282713e-04
3.484252083580940962e-04
3.490466624498367310e-04
3.689854929689317942e-04
3.384472511243075132e-04
3.539055469445884228e-04
3.695309569593518972e-04
3.340351686347275972e-04
3.472065145615488291e-04
3.547783999238163233e-04
3.480074519757181406e-04
3.664897230919450521e-04
3.373111539985984564e-04
3.505676577333360910e-04
3.444384201429784298e-04
3.469848597887903452e-04
3.763361892197281122e-04
3.451058582868427038e-04
3.508598310872912407e-04
3.369205805938690901e-04
3.491060924716293812e-04
3.769001050386577845e-04
3.497200959827750921e-04
3.393585211597383022e-04
3.518289886415004730e-04
3.392678336240351200e-04
3.438673156779259443e-04
3.380175912752747536e-04
3.433944657444953918e-04
3.370052145328372717e-04
3.680469235405325890e-04
3.395326493773609400e-04
3.542274644132703543e-04
3.472312237136065960e-04
3.416713734623044729e-04
3.567137755453586578e-04
3.464412002358585596e-04
3.685984993353486061e-04
3.343263524584472179e-04
3.551839035935699940e-04
3.538469900377094746e-04
3.672990133054554462e-04
3.602126962505280972e-04
3.631222061812877655e-04
3.455413097981363535e-04
3.468298818916082382e-04
3.680866793729364872e-04
3.451713419053703547e-04
3.714928170666098595e-04
3.657224297057837248e-04
3.688331053126603365e-04
3.684399998746812344e-04
3.701215027831494808e-04
3.461960877757519484e-04
3.390045021660625935e-04
3.438214771449565887e-04
3.697210049722343683e-04
3.393726947251707315e-04
3.442660381551831961e-04
3.689128498081117868e-04
3.510916722007095814e-04
3.662135277409106493e-04
3.433756937738507986e-04
3.548535460140556097e-04
3.481527674011886120e-04
3.496850258670747280e-04
3.550489782355725765e-04
3.330123145133256912e-04
3.534960851538926363e-04
3.494193078950047493e-04
3.394495288375765085e-04
3.355881781317293644e-04
3.592262510210275650e-04
3.464067413005977869e-04
3.437074774410575628e-04
3.492152027320116758e-04
3.653911990113556385e-04
3.720629611052572727e-04
3.502829349599778652e-04
3.442481392994523048e-04
3.535194555297493935e-04
3.567785606719553471e-04
3.485432243905961514e-04
3.378540568519383669e-04
3.558793978299945593e-04
3.502269100863486528e-04
3.470128867775201797e-04
3.466039488557726145e-04
3.507501387502998114e-04
3.538358141668140888e-04
3.380567650310695171e-04
3.651515289675444365e-04
3.662916715256869793e-04
3.547206870280206203e-04
3.548804088495671749e-04
3.396171669010072947e-04
3.667508135549724102e-04
3.533572307787835598e-04
3.502898907754570246e-04
3.606533282436430454e-04
3.521785547491163015e-04
3.490325761958956718e-04
3.686164855025708675e-04
3.456578706391155720e-04
3.697224892675876617e-04
3.487492213025689125e-04
3.386581374797970057e-04
3.508858499117195606e-04
3.443447931203991175e-04
3.546633815858513117e-04
3.517373988870531321e-04
3.365251468494534492e-04
3.385069721844047308e-04
3.692109894473105669e-04
3.521961625665426254e-04
3.775070363190025091e-04
3.385980380699038506e-04
3.434722893871366978e-04
3.388581390026956797e-04
3.436942643020302057e-04
3.478441794868558645e-04
4.371062386780977249e-04
3.694366314448416233e-04
3.688009164761751890e-04
3.387441684026271105e-04
3.456414851825684309e-04
3.676473570521920919e-04
3.708960721269249916e-04
3.554421418812125921e-04
3.519164456520229578e-04
3.398363478481769562e-04
3.679113870020955801e-04
3.574722504708915949e-04
3.456175618339329958e-04
3.453093231655657291e-04
3.352761559654027224e-04
3.591584390960633755e-04
3.727440489456057549e-04
3.488434304017573595e-04
3.714355989359319210e-04
3.528113302309066057e-04
3.448469215072691441e-04
3.681204980239272118e-04
3.665529366116970778e-04
3.444240137469023466e-04
3.699447552207857370e-04
3.429391945246607065e-04
3.672294260468333960e-04
3.396346583031117916e-04
3.533200942911207676e-04
3.513431001920253038e-04
3.649099962785840034e-04
3.674804174806922674e-04
3.444707253947854042e-04
4.331364179961383343e-04
3.514651907607913017e-04
3.606265527196228504e-04
3.616294416133314371e-04
3.391485079191625118e-04
3.524719795677810907e-04
3.689335717353969812e-04
3.653670719359070063e-04
3.683261456899344921e-04
3.529627574607729912e-04
3.447025374043732882e-04
3.496185818221420050e-04
3.462300228420644999e-04
3.497103753034025431e-04
3.495933488011360168e-04
3.393320366740226746e-04
3.688815631903707981e-04
3.467423375695943832e-04
3.893462708219885826e-04
3.348369209561496973e-04
3.517149016261100769e-04
3.479195584077388048e-04
3.381285059731453657e-04
3.644332173280417919e-04
3.506993816699832678e-04
3.507539804559201002e-04
3.580806951504200697e-04
3.535164287313818932e-04
3.466721682343631983e-04
3.526620566844940186e-04
3.498322330415248871e-04
3.634188033174723387e-04
3.618566843215376139e-04
3.540237084962427616e-04
3.543819184415042400e-04
3.506365173961967230e-04
3.529495152179151773e-04
3.635955799836665392e-04
3.667435375973582268e-04
3.496448334772139788e-04
3.449007926974445581e-04
3.387168399058282375e-04
3.494543489068746567e-04
3.446832997724413872e-04
3.601376374717801809e-04
3.534963761921972036e-04
3.576481540221720934e-04
3.694683837238699198e-04
3.691122983582317829e-04
3.696262137964367867e-04
3.376594395376741886e-04
3.542817139532417059e-04
3.700573579408228397e-04
3.468172508291900158e-04
4.212775675114244223e-04
3.373498038854449987e-04
3.468171344138681889e-04
3.505168715491890907e-04
3.690437297336757183e-04
3.678530629258602858e-04
3.397331165615469217e-04
3.537904703989624977e-04
3.389637276995927095e-04
4.179438401479274035e-04
3.559672331903129816e-04
3.392420185264199972e-04
3.525528009049594402e-04
3.367161261849105358e-04
3.484001208562403917e-04
3.698441432788968086e-04
3.403211594559252262e-04
3.381784190423786640e-04
3.688991419039666653e-04
3.450978838372975588e-04
3.493069380056113005e-04
3.682709648273885250e-04
3.604609810281544924e-04
3.672109451144933701e-04
3.448492207098752260e-04
3.462712047621607780e-04
3.449984069447964430e-04
3.554002614691853523e-04
3.485068154986947775e-04
3.393068327568471432e-04
3.555565199349075556e-04
3.490466624498367310e-04
3.655239706858992577e-04
3.653125604614615440e-04
3.674894687719643116e-04
3.381520800758153200e-04
3.396015090402215719e-04
4.210252955090254545e-04
3.393726656213402748e-04
3.487181093078106642e-04
3.348764148540794849e-04
3.436711849644780159e-04
3.480277082417160273e-04
3.442899323999881744e-04
3.476036654319614172e-04
3.690709127113223076e-04
3.628515987657010555e-04
3.373765794094651937e-04
3.482291649561375380e-04
3.427628544159233570e-04
3.539732133504003286e-04
3.465878253336995840e-04
3.514947020448744297e-04
3.488350484985858202e-04
3.534274292178452015e-04
3.552150155883282423e-04
3.386709140613675117e-04
3.517240984365344048e-04
3.442445013206452131e-04
3.687666903715580702e-04
3.479533188510686159e-04
3.495312121231108904e-04
3.432092198636382818e-04
3.387368924450129271e-04
3.681203816086053848e-04
3.379927075002342463e-04
3.372155188117176294e-04
3.422794688958674669e-04
3.469443472567945719e-04
3.660082293208688498e-04
3.715618513524532318e-04
3.378281544428318739e-04
3.659237991087138653e-04
3.483304753899574280e-04
3.476069541648030281e-04
3.608815895859152079e-04
3.460625885054469109e-04
3.447612107265740633e-04
3.396524407435208559e-04
3.521089965943247080e-04
3.526608634274452925e-04
3.461167507339268923e-04
3.367658646311610937e-04
3.496144781820476055e-04
3.546589869074523449e-04
3.515348362270742655e-04
3.496667486615478992e-04
3.490435192361474037e-04
3.330101317260414362e-04
3.699872177094221115e-04
3.630617284215986729e-04
3.493467229418456554e-04
3.457824350334703922e-04
3.527693334035575390e-04
3.693122416734695435e-04
3.474352706689387560e-04
3.546171355992555618e-04
3.488737565930932760e-04
3.483824257273226976e-04
3.625157114583998919e-04
3.509428643155843019e-04
3.493580443318933249e-04
3.670580917969346046e-04
3.466985945124179125e-04
3.645958204288035631e-04
3.477872232906520367e-04
3.622348303906619549e-04
