3.599116753321141005e-04
3.245916159357875586e-04
4.018904292024672031e-04
3.448479110375046730e-04
3.496431745588779449e-04
3.447468625381588936e-04
2.751662686932832003e-04
3.462430613581091166e-04
3.940875758416950703e-04
3.786618181038647890e-04
3.151863347738981247e-04
3.292197070550173521e-04
4.243777948431670666e-04
3.844625316560268402e-04
4.016432503703981638e-04
2.973082009702920914e-04
3.669630386866629124e-04
3.552211564965546131e-04
3.516020660754293203e-04
3.021140291821211576e-04
3.916065907105803490e-04
3.361948474775999784e-04
3.471628006082028151e-04
3.841707075480371714e-04
3.860666474793106318e-04
3.111171245109289885e-04
3.298251540400087833e-04
3.193916927557438612e-04
3.474555851425975561e-04
3.055075940210372210e-04
3.383770817890763283e-04
4.164316051173955202e-04
2.916405210271477699e-04
3.786672896239906549e-04
3.201751387678086758e-04
4.049360868521034718e-04
3.501855244394391775e-04
3.554747672751545906e-04
3.129421384073793888e-04
3.902841126546263695e-04
2.007443545153364539e-04
3.779865510296076536e-04
3.230008587706834078e-04
3.408589109312742949e-04
3.501527244225144386e-04
3.678728826344013214e-04
3.664591349661350250e-04
3.788408648688346148e-04
3.753837081603705883e-04
2.972960646729916334e-04
4.273128579370677471e-04
3.798196848947554827e-04
3.362159186508506536e-04
3.320267423987388611e-04
3.175212186761200428e-04
3.725464048329740763e-04
3.748682502191513777e-04
3.378843539394438267e-04
4.101158992853015661e-04
3.304518759250640869e-04
3.067025099880993366e-04
3.795176162384450436e-04
2.458805975038558245e-04
3.482391184661537409e-04
3.853937960229814053e-04
3.410126373637467623e-04
2.759574272204190493e-04
3.705671115312725306e-04
3.633424930740147829e-04
3.384847950655966997e-04
3.761333355214446783e-04
4.204181022942066193e-04
3.072225663345307112e-04
3.446870541665703058e-04
4.131318128202110529e-04
3.780766855925321579e-04
3.893065149895846844e-04
4.216654924675822258e-04
4.325018089730292559e-04
2.036011137533932924e-04
3.945219214074313641e-04
4.380209429655224085e-04
3.713186597451567650e-04
2.003501867875456810e-04
3.927624493371695280e-04
3.233492025174200535e-04
3.541450423654168844e-04
3.440777654759585857e-04
3.430459764786064625e-04
3.535034484229981899e-04
3.528014931362122297e-04
3.897022688761353493e-04
3.460456500761210918e-04
3.343232965562492609e-04
2.944931329693645239e-04
4.128384753130376339e-04
3.003705060109496117e-04
3.325830330140888691e-04
3.605359815992414951e-04
1.824041100917384028e-04
3.486398200038820505e-04
3.665244148578494787e-04
3.712210163939744234e-04
3.660777874756604433e-04
2.467706217430531979e-04
2.990920911543071270e-04
3.628719423431903124e-04
3.401338472031056881e-04
3.826157771982252598e-04
3.657607012428343296e-04
4.041043284814804792e-04
3.378521651029586792e-04
3.326066071167588234e-04
3.345086588524281979e-04
3.335498040542006493e-04
1.831689442042261362e-04
3.046581405214965343e-04
3.747574810404330492e-04
3.394765662960708141e-04
3.362202551215887070e-04
3.740235115401446819e-04
3.870935761369764805e-04
3.678609209600836039e-04
3.567885141819715500e-04
3.927392535842955112e-04
3.415496321395039558e-04
4.019755579065531492e-04
4.593614139594137669e-04
2.974309609271585941e-04
3.676373162306845188e-04
3.329591127112507820e-04
3.758169186767190695e-04
3.774631186388432980e-04
3.317765949759632349e-04
3.664614050649106503e-04
3.227293782401829958e-04
3.814117808360606432e-04
3.834018134512007236e-04
3.375606611371040344e-04
2.749802370090037584e-04
4.042063374072313309e-04
3.411060315556824207e-04
2.690772525966167450e-04
4.112830793019384146e-04
3.345436707604676485e-04
3.289224987383931875e-04
3.641064395196735859e-04
4.105755360797047615e-04
3.271265595685690641e-04
3.469321236480027437e-04
1.054000167641788721e-04
3.917474241461604834e-04
3.626147517934441566e-04
3.799804835580289364e-04
3.699522640090435743e-04
3.727574076037853956e-04
3.144282673019915819e-04
3.216981713194400072e-04
3.306241706013679504e-04
3.399628039915114641e-04
3.637139161583036184e-04
3.216688346583396196e-04
3.801234997808933258e-04
3.469804942142218351e-04
2.298856416018679738e-04
3.663630341179668903e-04
3.670751466415822506e-04
3.594693262130022049e-04
3.292075707577168941e-04
4.128515720367431641e-04
3.309854073449969292e-04
3.557577438186854124e-04
3.762904379982501268e-04
3.318283706903457642e-04
3.777722595259547234e-04
3.411914512980729342e-04
3.747493028640747070e-04
4.492588923312723637e-04
3.222349914722144604e-04
3.327017184346914291e-04
2.997050760313868523e-04
3.614209708757698536e-04
3.632208681665360928e-04
3.764648281503468752e-04
3.702071844600141048e-04
3.477139980532228947e-04
3.321648109704256058e-04
3.263283579144626856e-04
3.731840697582811117e-04
2.722622593864798546e-04
2.831749734468758106e-04
3.891868109349161386e-04
3.465861664153635502e-04
3.601523640099912882e-04
3.816474636550992727e-04
3.809022600762546062e-04
3.585023223422467709e-04
3.691971360240131617e-04
4.182147677056491375e-04
3.640175273176282644e-04
3.688060096465051174e-04
3.087555815000087023e-04
3.433517122175544500e-04
3.245403640903532505e-04
3.292300098109990358e-04
3.308168088551610708e-04
3.913386608473956585e-04
3.973467391915619373e-04
3.328891471028327942e-04
3.800879931077361107e-04
3.322119300719350576e-04
3.226717235520482063e-04
3.236969932913780212e-04
3.865504986606538296e-04
3.545591607689857483e-04
3.052795364055782557e-04
3.729964373633265495e-04
2.856438804883509874e-04
4.120559606235474348e-04
3.238200442865490913e-04
3.666540724225342274e-04
3.301468386780470610e-04
2.849840093404054642e-04
3.412852820474654436e-04
3.799432597588747740e-04
4.030959971714764833e-04
3.792066127061843872e-04
3.525661013554781675e-04
3.794281801674515009e-04
3.902661264874041080e-04
3.923637559637427330e-04
3.889393410645425320e-04
2.706990926526486874e-04
3.958725719712674618e-04
4.042645450681447983e-04
3.754789941012859344e-04
4.008143732789903879e-04
3.613826702348887920e-04
2.919529506471008062e-04
3.924774937331676483e-04
3.062068717554211617e-04
3.689138684421777725e-04
3.846587205771356821e-04
3.379789995960891247e-04
3.813130606431514025e-04
3.405601310078054667e-04
3.008405619766563177e-04
3.456396807450801134e-04
4.180159885436296463e-04
3.662111994344741106e-04
3.990769328083842993e-04
3.725024580489844084e-04
3.807532484643161297e-04
4.215527733322232962e-04
4.238534602336585522e-04
3.829212218988686800e-04
3.034773981198668480e-04
3.273957408964633942e-04
3.539843892212957144e-04
4.583240661304444075e-04
3.505480999592691660e-04
3.203965316060930490e-04
3.453096724115312099e-04
3.749013703782111406e-04
3.235370677430182695e-04
3.711179306264966726e-04
3.755770740099251270e-04
3.445073380134999752e-04
3.756172663997858763e-04
3.021534357685595751e-04
3.954599378630518913e-04
3.116139851044863462e-04
3.467479546088725328e-04
3.535475116223096848e-04
3.640153445303440094e-04
3.716592618729919195e-04
3.389468474779278040e-04
3.911983512807637453e-04
3.247737768106162548e-04
3.868859785143285990e-04
3.970320685766637325e-04
3.458427963778376579e-04
2.866866998374462128e-04
3.835693933069705963e-04
3.930033417418599129e-04
3.843927988782525063e-04
3.547953092493116856e-04
2.904831781052052975e-04
4.097901983186602592e-04
3.664016840048134327e-04
3.239111101720482111e-04
3.446583577897399664e-04
2.790549769997596741e-04
3.675635380204766989e-04
3.397012187633663416e-04
3.367883036844432354e-04
3.570946864783763885e-04
3.677256463561207056e-04
3.539555764291435480e-04
3.283776459284126759e-04
3.134335565846413374e-04
3.078821755480021238e-04
3.525662177707999945e-04
4.186649166513234377e-04
3.533201233949512243e-04
2.433001209283247590e-04
3.170188865624368191e-04
3.581685887183994055e-04
3.739048843272030354e-04
4.129387380089610815e-04
3.333937202114611864e-04
3.380843554623425007e-04
3.463495231699198484e-04
3.374812949914485216e-04
4.037782782688736916e-04
3.921734460163861513e-04
3.522656916175037622e-04
2.712345158215612173e-04
3.527339431457221508e-04
3.405853349249809980e-04
3.684327239170670509e-04
2.012508921325206757e-04
3.604620578698813915e-04
3.589660336729139090e-04
3.406938049010932446e-04
2.432687469990924001e-04
3.503280167933553457e-04
3.582976933103054762e-04
3.450201475061476231e-04
2.855869242921471596e-04
3.747956943698227406e-04
3.730557509697973728e-04
4.004194634035229683e-04
3.573021676857024431e-04
3.465249610599130392e-04
3.581486816983669996e-04
4.102234670426696539e-04
3.279700758866965771e-04
4.113967297598719597e-04
3.288014559075236320e-04
3.121824411209672689e-04
3.988812677562236786e-04
3.432256053201854229e-04
3.584448422770947218e-04
3.368134784977883101e-04
2.967679174616932869e-04
2.670542453415691853e-04
4.025701200589537621e-04
3.643294912762939930e-04
3.178710467182099819e-04
2.894531644415110350e-04
3.386573807802051306e-04
1.544898259453475475e-04
3.442097513470798731e-04
3.088142839260399342e-04
2.709370455704629421e-04
3.887089260388165712e-04
3.737222286872565746e-04
3.715165075846016407e-04
3.649998689070343971e-04
3.714344638865441084e-04
3.873645327985286713e-04
3.825607127510011196e-04
3.789023903664201498e-04
3.513691481202840805e-04
3.374848747625946999e-04
3.472289827186614275e-04
4.053366428706794977e-04
3.598100447561591864e-04
3.121902118436992168e-04
2.852209145203232765e-04
4.132226749788969755e-04
3.627330879680812359e-04
2.860731910914182663e-04
3.498074656818062067e-04
3.278068325016647577e-04
3.523093473631888628e-04
3.787835012190043926e-04
3.135588194709271193e-04
2.424779522698372602e-04
3.559559991117566824e-04
3.611347929108887911e-04
3.793255018536001444e-04
3.862368466798216105e-04
3.594952286221086979e-04
3.408706106711179018e-04
4.450858104974031448e-04
3.895426925737410784e-04
3.214305033907294273e-04
3.686384297907352448e-04
3.777518868446350098e-04
4.089126014150679111e-04
2.780990616884082556e-04
3.210376016795635223e-04
3.193601150996983051e-04
3.310951287858188152e-04
3.793897922150790691e-04
3.233978059142827988e-04
3.376769309397786856e-04
2.380007354076951742e-04
3.285093989688903093e-04
3.802770224865525961e-04
3.085395728703588247e-04
3.168703697156161070e-04
2.870212774723768234e-04
3.705717972479760647e-04
3.566814702935516834e-04
3.351653576828539371e-04
3.588417312130331993e-04
3.062546311412006617e-04
4.148453008383512497e-04
3.790042537730187178e-04
3.860449942294508219e-04
3.143597277812659740e-04
3.723900008480995893e-04
3.601786447688937187e-04
3.902945027220994234e-04
3.379812114872038364e-04
3.841721627395600080e-04
2.786324766930192709e-04
3.292139153927564621e-04
3.116989682894200087e-04
3.556381270755082369e-04
3.804274019785225391e-04
2.677667944226413965e-04
3.285819839220494032e-04
3.668385033961385489e-04
3.751404001377522945e-04
3.749869356397539377e-04
3.764206776395440102e-04
4.162527038715779781e-04
3.590219712350517511e-04
3.908487269654870033e-04
3.667618439067155123e-04
3.349015896674245596e-04
4.545944102574139833e-04
3.687166026793420315e-04
3.799419500865042210e-04
3.482300089672207832e-04
3.777497040573507547e-04
3.620024072006344795e-04
3.249344881623983383e-04
3.243535757064819336e-04
4.290496290195733309e-04
4.195934161543846130e-04
2.689396787900477648e-04
3.173931618221104145e-04
3.228985297027975321e-04
3.528611559886485338e-04
3.653276362456381321e-04
3.215185424778610468e-04
3.498218138702213764e-04
3.096613218076527119e-04
4.085225227754563093e-04
3.425593895372003317e-04
3.289274754934012890e-04
4.575874772854149342e-04
3.960428002756088972e-04
3.885551413986831903e-04
3.543664643075317144e-04
3.681102534756064415e-04
3.638737252913415432e-04
3.766098816413432360e-04
3.124538343399763107e-04
2.914356300607323647e-04
2.761103387456387281e-04
4.008645191788673401e-04
3.390648344065994024e-04
3.811301139649003744e-04
3.720007953234016895e-04
3.356350352987647057e-04
2.513931249268352985e-04
3.648687561508268118e-04
3.254250623285770416e-04
3.869888896588236094e-04
3.796320233959704638e-04
2.921746636275202036e-04
3.115797298960387707e-04
4.056052712257951498e-04
4.140152304898947477e-04
3.697353531606495380e-04
3.926187346223741770e-04
3.361233393661677837e-04
2.747374528553336859e-04
4.079130303580313921e-04
3.632536390796303749e-04
3.807960310950875282e-04
3.038927097804844379e-04
3.657638735603541136e-04
3.293227928224951029e-04
3.988427633885294199e-04
3.664749674499034882e-04
3.691539750434458256e-04
3.562428755685687065e-04
2.692987909540534019e-04
3.408012271393090487e-04
5.572643131017684937e-04
3.862973535433411598e-04
3.131463017780333757e-04
3.408170887269079685e-04
3.696564817801117897e-04
3.860731085296720266e-04
3.863995370920747519e-04
3.331629850436002016e-04
3.546063962858170271e-04
3.188346454408019781e-04
3.672384191304445267e-04
3.633635060396045446e-04
3.451156371738761663e-04
3.689299919642508030e-04
3.003140736836940050e-04
4.188515013083815575e-04
3.496128192637115717e-04
3.045935009140521288e-04
3.622385265771299601e-04
3.052479587495326996e-04
3.942167968489229679e-04
3.231962909922003746e-04
3.084898053202778101e-04
3.418774576857686043e-04
3.723441914189606905e-04
3.867177001666277647e-04
4.393466224428266287e-04
3.674692998174577951e-04
3.473449032753705978e-04
3.826983156614005566e-04
3.318248491268604994e-04
3.765251312870532274e-04
3.419905842747539282e-04
3.093103587161749601e-04
3.507800865918397903e-04
3.495716373436152935e-04
3.451606899034231901e-04
3.741867840290069580e-04
3.422858717385679483e-04
3.361225826665759087e-04
3.636721521615982056e-04
3.534578427206724882e-04
4.231345956213772297e-04
3.581184719223529100e-04
3.444507019594311714e-04
2.541987632866948843e-04
3.819307312369346619e-04
3.887572092935442924e-04
4.111526068300008774e-04
3.426440816838294268e-04
3.301624674350023270e-04
3.830906061921268702e-04
3.512291004881262779e-04
3.662705421447753906e-04
3.347825841046869755e-04
3.260145895183086395e-04
3.628899576142430305e-04
4.000820044893771410e-04
3.046715864911675453e-04
3.656230401247739792e-04
2.884867717511951923e-04
3.416263498365879059e-04
3.602940705604851246e-04
3.757415106520056725e-04
3.469809598755091429e-04
3.163375367876142263e-04
3.669416182674467564e-04
2.574915706645697355e-04
3.344103461131453514e-04
3.681312082335352898e-04
3.758098755497485399e-04
3.433724050410091877e-04
3.340845578350126743e-04
3.597804170567542315e-04
3.958409652113914490e-04
3.836208197753876448e-04
3.675616753753274679e-04
3.790196205954998732e-04
2.990018983837217093e-04
3.299262316431850195e-04
3.370160702615976334e-04
3.277555515523999929e-04
2.823945833370089531e-04
3.744991263374686241e-04
3.734577912837266922e-04
3.795740485657006502e-04
3.856290131807327271e-04
3.699172812048345804e-04
3.472139942459762096e-04
3.813261864706873894e-04
3.735949285328388214e-04
3.895676345564424992e-04
4.023682267870754004e-04
3.566957893781363964e-04
3.961193142458796501e-04
3.509562520775943995e-04
3.823293664027005434e-04
3.487532376311719418e-04
3.491299576126039028e-04
4.270948702469468117e-04
3.757231170311570168e-04
3.434420505072921515e-04
4.133751208428293467e-04
2.719664480537176132e-04
4.003049398306757212e-04
3.527065564412623644e-04
3.263273392803966999e-04
4.192371561657637358e-04
3.348492609802633524e-04
3.089834353886544704e-04
3.184825181961059570e-04
3.502830804791301489e-04
3.269326407462358475e-04
3.369667974766343832e-04
3.660247894003987312e-04
3.821611171588301659e-04
3.507359360810369253e-04
3.425234463065862656e-04
3.031298401765525341e-04
3.683032991830259562e-04
2.868431620299816132e-04
4.284253809601068497e-04
3.905256162397563457e-04
3.304127603769302368e-04
2.781939983833581209e-04
3.169870469719171524e-04
3.318000235594809055e-04
3.501236496958881617e-04
3.356407396495342255e-04
3.298761148471385241e-04
3.616448957473039627e-04
3.573521971702575684e-04
3.420175635255873203e-04
3.724294656421989202e-04
3.772288328036665916e-04
2.468521706759929657e-04
3.188270493410527706e-04
3.069436643272638321e-04
2.693177084438502789e-04
4.301268782000988722e-04
1.674115046625956893e-04
3.592338471207767725e-04
3.343208809383213520e-04
3.738183295354247093e-04
3.286313149146735668e-04
3.516042779665440321e-04
3.613975713960826397e-04
3.545719082467257977e-04
2.985068422276526690e-04
3.693959442898631096e-04
3.422902955207973719e-04
3.709982265718281269e-04
4.017641185782849789e-04
3.434431855566799641e-04
3.019914147444069386e-04
4.075153556186705828e-04
3.259998047724366188e-04
3.393468214198946953e-04
3.135224396828562021e-04
3.850901557598263025e-04
3.227980050723999739e-04
2.801268419716507196e-04
2.778545895125716925e-04
3.194218443240970373e-04
3.914566186722368002e-04
3.211852163076400757e-04
3.593282599467784166e-04
3.554729628376662731e-04
3.291759931016713381e-04
4.229594487696886063e-04
3.546058142092078924e-04
3.574026923161000013e-04
2.970888745039701462e-04
3.024327161256223917e-04
3.206615219824016094e-04
4.106806591153144836e-04
3.486066707409918308e-04
4.024323716294020414e-04
3.434890240896493196e-04
3.441881563048809767e-04
3.706234565470367670e-04
2.747146645560860634e-04
3.663167881313711405e-04
3.910987288691103458e-04
3.583882935345172882e-04
3.779692924581468105e-04
3.550261608324944973e-04
3.285944985691457987e-04
3.343899152241647243e-04
3.591202839743345976e-04
3.977364976890385151e-04
3.971501428168267012e-04
2.878775703720748425e-04
3.515186836011707783e-04
3.153900324832648039e-04
2.829109434969723225e-04
3.801166894845664501e-04
2.849831653293222189e-04
3.356054075993597507e-04
3.460703301243484020e-04
3.903099859599024057e-04
3.631865256465971470e-04
3.788939211517572403e-04
2.989787608385086060e-04
3.466724301688373089e-04
3.307818842586129904e-04
3.672631573863327503e-04
3.439630672801285982e-04
3.243176033720374107e-04
3.098624874837696552e-04
2.864745038095861673e-04
3.694573824759572744e-04
3.099032037425786257e-04
3.506197826936841011e-04
3.405031166039407253e-04
3.387514152564108372e-04
2.012508921325206757e-04
3.033025132026523352e-04
2.688808017410337925e-04
3.844322345685213804e-04
3.133071586489677429e-04
2.851132594514638186e-04
3.760597610380500555e-04
3.934355918318033218e-04
3.890216758009046316e-04
3.735925420187413692e-04
3.268492582719773054e-04
3.495720447972416878e-04
2.951575734186917543e-04
2.436093345750123262e-04
3.655309556052088737e-04
3.163235960528254509e-04
3.784897271543741226e-04
2.934437070507556200e-04
3.759262035600841045e-04
3.660420770756900311e-04
3.383147413842380047e-04
3.713827754836529493e-04
3.169885312672704458e-04
3.067374636884778738e-04
3.537109587341547012e-04
3.713020123541355133e-04
3.310483880341053009e-04
3.795564407482743263e-04
3.487986396066844463e-04
3.325170837342739105e-04
3.091706894338130951e-04
3.982797206845134497e-04
3.917836293112486601e-04
3.313826746307313442e-04
3.773952485062181950e-04
3.272515605203807354e-04
3.013927780557423830e-04
3.352476924192160368e-04
3.424561000429093838e-04
3.222458472009748220e-04
3.136982268188148737e-04
2.893636410590261221e-04
3.479786391835659742e-04
3.329909814056009054e-04
3.814429801423102617e-04
3.903144679497927427e-04
3.331952611915767193e-04
3.890121297445148230e-04
3.660902148112654686e-04
3.906406054738909006e-04
3.836796386167407036e-04
3.291471221018582582e-04
3.348324389662593603e-04
3.370082995388656855e-04
3.549815155565738678e-04
3.643497184384614229e-04
3.556234878487884998e-04
3.612336295191198587e-04
3.238270292058587074e-04
3.253471804782748222e-04
3.576134622562676668e-04
2.975992392748594284e-04
3.554718859959393740e-04
3.520280297379940748e-04
3.120768233202397823e-04
3.658210043795406818e-04
3.687390126287937164e-04
3.691584570333361626e-04
3.014929825440049171e-04
4.005928058177232742e-04
3.172488359268754721e-04
3.109346725977957249e-04
3.068403166253119707e-04
2.908071619458496571e-04
3.283862606622278690e-04
3.442486631684005260e-04
3.426544135436415672e-04
2.766498073469847441e-04
3.733908233698457479e-04
3.523313789628446102e-04
4.336677666287869215e-04
3.925844212062656879e-04
3.112892736680805683e-04
3.059797745663672686e-04
3.741678665392100811e-04
3.606024256441742182e-04
3.507522342260926962e-04
3.568253887351602316e-04
3.605246311053633690e-04
3.539113095030188560e-04
3.455778060015290976e-04
3.025987825822085142e-04
4.072609299328178167e-04
3.186631365679204464e-04
4.189460887573659420e-04
3.089894016738981009e-04
3.370004124008119106e-04
4.078734491486102343e-04
3.563881036825478077e-04
3.305138670839369297e-04
3.576897724997252226e-04
3.842925943899899721e-04
3.588774125091731548e-04
2.721643249969929457e-04
3.177026810590177774e-04
3.958565939683467150e-04
3.521100734360516071e-04
3.834367671515792608e-04
3.619212075136601925e-04
3.618255432229489088e-04
3.550535184331238270e-04
3.656463813968002796e-04
3.545134968589991331e-04
3.173768636770546436e-04
2.502373827155679464e-04
3.464846813585609198e-04
3.678838547784835100e-04
3.229539142921566963e-04
3.802983264904469252e-04
2.496296656318008900e-04
4.037855833303183317e-04
3.381517890375107527e-04
3.053597174584865570e-04
2.984892053063958883e-04
4.220008268021047115e-04
3.308375598862767220e-04
3.441097505856305361e-04
3.719832457136362791e-04
3.600769850891083479e-04
3.697474603541195393e-04
2.933092182502150536e-04
3.416307736188173294e-04
3.628068661782890558e-04
3.953399136662483215e-04
3.479906881693750620e-04
2.612432581372559071e-04
3.652578161563724279e-04
3.904681361746042967e-04
4.067364207003265619e-04
3.436929546296596527e-04
3.029397921636700630e-04
2.968640474136918783e-04
3.393816296011209488e-04
3.001226286869496107e-04
2.981627476401627064e-04
3.760882536880671978e-04
2.518359106034040451e-04
2.892596821766346693e-04
3.320997930131852627e-04
3.921827010344713926e-04
3.707314608618617058e-04
3.470994124654680490e-04
3.034835681319236755e-04
3.687655553221702576e-04
2.694593858905136585e-04
3.488069924060255289e-04
3.730139869730919600e-04
3.316295333206653595e-04
3.624840173870325089e-04
3.023744211532175541e-04
3.474676632322371006e-04
3.292798355687409639e-04
3.329186292830854654e-04
3.942868497688323259e-04
3.709307638928294182e-04
2.869983727578073740e-04
4.001673951279371977e-04
3.801725688390433788e-04
3.825559397228062153e-04
3.339588292874395847e-04
3.333913045935332775e-04
4.271237994544208050e-04
3.380977432243525982e-04
3.962863702327013016e-04
3.643130476120859385e-04
3.414840030018240213e-04
3.290550375822931528e-04
2.872422046493738890e-04
3.946796932723373175e-04
3.364564618095755577e-04
3.571747802197933197e-04
4.167410370428115129e-04
3.635520988609641790e-04
3.723199188243597746e-04
3.243479295633733273e-04
3.578094474505633116e-04
3.061839961446821690e-04
2.744891098700463772e-04
3.581901837605983019e-04
3.125709481537342072e-04
3.338101960252970457e-04
3.337216039653867483e-04
3.471291565801948309e-04
3.471703967079520226e-04
3.686528943944722414e-04
4.091062583029270172e-04
3.915682027582079172e-04
3.794356889557093382e-04
3.480012528598308563e-04
3.278071817476302385e-04
3.718715161085128784e-04
3.498182632029056549e-04
3.375326923560351133e-04
3.549324756022542715e-04
3.743922861758619547e-04
3.892959502991288900e-04
3.233818861190229654e-04
3.744460118468850851e-04
3.253867616876959801e-04
3.292620240245014429e-04
3.569515538401901722e-04
3.829488123301416636e-04
3.402135916985571384e-04
4.005509836133569479e-04
3.726657887455075979e-04
3.262477694079279900e-04
3.367546305526047945e-04
3.896495909430086613e-04
3.691027231980115175e-04
3.222994855605065823e-04
3.789298352785408497e-04
3.854969399981200695e-04
3.422527224756777287e-04
3.515661228448152542e-04
3.624544187914580107e-04
3.784770669881254435e-04
4.246571334078907967e-04
3.856277908198535442e-04
3.353879146743565798e-04
3.351810737513005733e-04
2.848895383067429066e-04
3.567919484339654446e-04
3.899840812664479017e-04
2.996487310156226158e-04
3.923955082427710295e-04
2.947972388938069344e-04
2.454000932630151510e-04
2.842860994860529900e-04
4.243282892275601625e-04
3.407018957659602165e-04
3.380346170160919428e-04
2.405909181106835604e-04
3.798683756031095982e-04
3.728798474185168743e-04
2.912765194196254015e-04
4.139271331951022148e-04
4.016832681372761726e-04
3.786142333410680294e-04
3.915608685929328203e-04
3.876439877785742283e-04
3.176313766743987799e-04
3.242562524974346161e-04
3.466952766757458448e-04
3.995623264927417040e-04
3.584874502848833799e-04
3.570129629224538803e-04
3.503113111946731806e-04
3.227436973247677088e-04
3.751803596969693899e-04
3.486651985440403223e-04
3.679563524201512337e-04
3.278620424680411816e-04
3.650053404271602631e-04
3.564235521480441093e-04
3.386947792023420334e-04
3.630630671977996826e-04
3.095399006269872189e-04
2.960436977446079254e-04
4.361277970019727945e-04
3.032956155948340893e-04
3.626832040026783943e-04
3.143746289424598217e-04
3.159599727950990200e-04
3.774579963646829128e-04
2.321598731214180589e-04
3.176409227307885885e-04
3.293786430731415749e-04
3.392660873942077160e-04
3.755064972210675478e-04
3.285753191448748112e-04
2.888512681238353252e-04
3.369083860889077187e-04
4.152974870521575212e-04
3.635547764133661985e-04
3.598329785745590925e-04
3.617264155764132738e-04
3.937771252822130919e-04
3.471563977655023336e-04
4.650759219657629728e-04
3.673705505207180977e-04
3.754317585844546556e-04
2.996469847857952118e-04
3.809073532465845346e-04
3.847592161037027836e-04
3.065232594963163137e-04
4.182174452580511570e-04
3.747702576220035553e-04
3.485111228656023741e-04
3.172576252836734056e-04
3.562633646652102470e-04
3.652915765997022390e-04
3.338070528116077185e-04
3.978355962317436934e-04
2.932588395196944475e-04
4.045794776175171137e-04
3.592593420762568712e-04
3.395604435354471207e-04
2.320971543667837977e-04
3.003027522936463356e-04
3.896101843565702438e-04
3.353692591190338135e-04
3.789516340475529432e-04
3.497798170428723097e-04
3.686808340717107058e-04
3.305659047327935696e-04
4.080363141838461161e-04
3.086973738390952349e-04
3.754665085580199957e-04
2.969489141833037138e-04
3.631970030255615711e-04
3.948139783460646868e-04
3.399902197998017073e-04
3.435129765421152115e-04
3.885166661348193884e-04
3.661761875264346600e-04
3.946624929085373878e-04
2.996836265083402395e-04
3.926333156414330006e-04
2.918858372140675783e-04
3.709236043505370617e-04
3.136032028123736382e-04
4.731021181214600801e-04
2.975434181280434132e-04
3.592037246562540531e-04
3.721519024111330509e-04
3.660922229755669832e-04
4.163132689427584410e-04
3.601546050049364567e-04
3.603465447667986155e-04
3.296302747912704945e-04
3.845556057058274746e-04
3.409759083297103643e-04
3.437699633650481701e-04
3.142022760584950447e-04
4.582962428685277700e-04
3.335830115247517824e-04
3.651419538073241711e-04
3.522906627040356398e-04
4.086561675649136305e-04
3.124606155324727297e-04
3.410772769711911678e-04
3.616210888139903545e-04
3.733534831553697586e-04
2.412425674265250564e-04
3.691877063829451799e-04
3.525975043885409832e-04
3.685145056806504726e-04
2.946995664387941360e-04
3.385850868653506041e-04
4.080464423168450594e-04
3.431606455706059933e-04
3.959000750910490751e-04
3.095638239756226540e-04
3.904912155121564865e-04
3.395988314878195524e-04
3.213229938410222530e-04
3.736855578608810902e-04
2.842597314156591892e-04
3.667671699076890945e-04
3.871079534292221069e-04
4.032872384414076805e-04
3.697322390507906675e-04
2.915831573773175478e-04
3.638982889242470264e-04
3.468387876637279987e-04
3.437545092310756445e-04
3.670461010187864304e-04
3.532265545800328255e-04
4.093140887562185526e-04
3.783787251450121403e-04
3.350695478729903698e-04
3.695190534926950932e-04
3.536131407599896193e-04
2.718852774705737829e-04
2.895034558605402708e-04
3.158222825732082129e-04
3.199221100658178329e-04
3.026056219823658466e-04
3.419948334340006113e-04
3.838657576125115156e-04
3.800386621151119471e-04
3.864967438858002424e-04
2.749659179244190454e-04
2.886870643123984337e-04
3.085238568019121885e-04
3.871548688039183617e-04
3.721436078194528818e-04
3.475062549114227295e-04
3.369700862094759941e-04
3.031408123206347227e-04
3.658508649095892906e-04
3.038017021026462317e-04
3.317630907986313105e-04
3.580171614885330200e-04
3.326881269458681345e-04
3.177876642439514399e-04
2.972177462652325630e-04
3.927389334421604872e-04
3.646818222478032112e-04
2.853738551493734121e-04
3.454046673141419888e-04
3.446534683462232351e-04
4.265598254278302193e-04
4.969722358509898186e-04
3.685434639919549227e-04
3.842207661364227533e-04
2.648993686307221651e-04
3.676788765005767345e-04
3.107764641754329205e-04
3.610547864809632301e-04
3.417459083721041679e-04
3.903533215634524822e-04
3.607872058637440205e-04
2.845091803465038538e-04
1.812288974178954959e-04
2.841957903001457453e-04
3.952149418182671070e-04
3.636727633420377970e-04
3.546534862834960222e-04
3.784442669712007046e-04
3.383533039595931768e-04
3.802223363891243935e-04
3.391916397958993912e-04
3.777235979214310646e-04
2.843837719410657883e-04
3.577934985514730215e-04
3.524239873513579369e-04
3.325394645798951387e-04
2.260311302961781621e-04
3.750211617443710566e-04
3.804162261076271534e-04
3.419656131882220507e-04
3.300000098533928394e-04
3.776167868636548519e-04
3.575302835088223219e-04
3.756702353712171316e-04
3.258924698457121849e-04
3.746906877495348454e-04
3.306732105556875467e-04
3.397964173927903175e-04
3.387001925148069859e-04
3.367620520293712616e-04
3.664277319330722094e-04
3.734736237674951553e-04
3.776920493692159653e-04
3.584696969483047724e-04
3.813955408986657858e-04
3.554403665475547314e-04
3.405815514270216227e-04
4.091919108759611845e-04
3.692735917866230011e-04
4.102705279365181923e-04
3.169392584823071957e-04
3.577518218662589788e-04
2.961821737699210644e-04
3.672907478176057339e-04
3.962915507145226002e-04
3.631018626037985086e-04
4.011341079603880644e-04
3.817148681264370680e-04
3.621615469455718994e-04
3.811846254393458366e-04
3.282440593466162682e-04
4.035403253510594368e-04
3.355756925884634256e-04
3.445894108153879642e-04
3.675518382806330919e-04
3.639260248746722937e-04
4.123893450014293194e-04
2.722949720919132233e-04
4.181217518635094166e-04
3.973921702709048986e-04
4.068542621098458767e-04
3.329904866404831409e-04
3.520552418194711208e-04
3.627221449278295040e-04
3.792736970353871584e-04
3.844559250865131617e-04
3.757202066481113434e-04
2.595574187580496073e-04
3.560666518751531839e-04
3.445601323619484901e-04
3.987540258094668388e-04
2.832052414305508137e-04
3.595644666347652674e-04
4.160290991421788931e-04
3.737526421900838614e-04
3.374298976268619299e-04
3.287752915639430285e-04
3.439394640736281872e-04
3.528414526954293251e-04
3.039180883206427097e-04
3.499629965517669916e-04
2.747904800344258547e-04
3.824249433819204569e-04
4.242935392539948225e-04
3.807182365562766790e-04
2.994371170643717051e-04
3.728446899913251400e-04
3.707470023073256016e-04
3.608066472224891186e-04
3.619136114139109850e-04
3.592218272387981415e-04
3.482478205114603043e-04
2.902584674302488565e-04
3.586055245250463486e-04
3.896147536579519510e-04
3.079807502217590809e-04
3.546257503330707550e-04
3.946258220821619034e-04
3.433373640291392803e-04
3.563950594980269670e-04
3.663988609332591295e-04
3.743951674550771713e-04
3.319092502351850271e-04
3.609970153775066137e-04
3.365343145560473204e-04
3.048602666240185499e-04
3.255159535910934210e-04
2.861323009710758924e-04
3.369862970430403948e-04
3.448091447353363037e-04
3.664562245830893517e-04
3.699681547004729509e-04
3.961075271945446730e-04
3.804360167123377323e-04
3.476864367257803679e-04
2.897857339121401310e-04
3.459732979536056519e-04
3.532721602823585272e-04
3.578176547307521105e-04
3.178569022566080093e-04
3.576192248146981001e-04
3.655538312159478664e-04
3.380293492227792740e-04
3.452814999036490917e-04
3.683017275761812925e-04
3.385809832252562046e-04
2.786467375699430704e-04
3.784535801969468594e-04
3.600080963224172592e-04
3.483884211163967848e-04
3.523924096953123808e-04
3.749389434233307838e-04
2.511687634978443384e-04
3.404172312002629042e-04
3.559550386853516102e-04
3.882111923303455114e-04
3.876616829074919224e-04
3.495828423183411360e-04
3.650159051176160574e-04
3.167201939504593611e-04
2.891382900997996330e-04
3.465141926426440477e-04
3.981932532042264938e-04
3.551992995198816061e-04
3.759261744562536478e-04
2.928473695646971464e-04
3.847345942631363869e-04
3.364523290656507015e-04
3.779637918341904879e-04
3.178383922204375267e-04
3.990364493802189827e-04
3.167308459524065256e-04
3.069188969675451517e-04
3.289374872110784054e-04
3.065340570174157619e-04
3.530604881234467030e-04
3.837443946395069361e-04
3.396297688595950603e-04
3.874761168844997883e-04
3.033239045180380344e-04
3.136970917694270611e-04
4.163731937296688557e-04
3.596252063289284706e-04
4.097514611203223467e-04
4.066473047714680433e-04
3.734132915269583464e-04
3.322631237097084522e-04
3.616992617025971413e-04
1.916682667797431350e-04
3.331907500978559256e-04
3.672897582873702049e-04
3.242707462050020695e-04
3.941274189855903387e-04
3.484701737761497498e-04
3.332044288981705904e-04
3.864885366056114435e-04
3.497552534099668264e-04
3.210796276107430458e-04
3.630888240877538919e-04
3.404495073482394218e-04
3.413068479858338833e-04
4.236811655573546886e-04
2.902891428675502539e-04
3.315230424050241709e-04
4.202489217277616262e-04
2.974041271954774857e-04
3.867507621180266142e-04
3.576347953639924526e-04
3.946492506656795740e-04
3.396560205146670341e-04
3.798237303271889687e-04
3.392451908439397812e-04
3.114723076578229666e-04
3.523360646795481443e-04
3.416014951653778553e-04
3.467900678515434265e-04
4.044044471811503172e-04
3.206036926712840796e-04
3.158012696076184511e-04
3.845723404083400965e-04
3.626810212153941393e-04
3.499184967949986458e-04
5.089828046038746834e-04
4.023113870061933994e-04
3.412776568438857794e-04
3.657560737337917089e-04
3.880017320625483990e-04
2.961065620183944702e-04
4.063969827257096767e-04
4.083730746060609818e-04
3.165017405990511179e-04
3.656851185951381922e-04
3.957321168854832649e-04
2.685796353034675121e-04
3.722657274920493364e-04
4.427253443282097578e-04
2.953429357148706913e-04
3.401752619538456202e-04
3.121739136986434460e-04
4.162689147051423788e-04
3.593126893974840641e-04
3.108252130914479494e-04
3.731033939402550459e-04
3.289968008175492287e-04
3.499738522805273533e-04
3.456599370110780001e-04
3.419017884880304337e-04
4.179530660621821880e-04
4.430607368703931570e-04
3.182940999977290630e-04
3.379372355993837118e-04
3.919987357221543789e-04
2.301221829839050770e-04
3.427844203542917967e-04
3.803242288995534182e-04
3.811429487541317940e-04
3.817611723206937313e-04
3.500611928757280111e-04
3.979688917752355337e-04
3.954940184485167265e-04
2.966196916531771421e-04
3.223292005714029074e-04
3.657499910332262516e-04
3.346343000885099173e-04
3.206955152563750744e-04
4.103794926777482033e-04
3.871479420922696590e-04
5.219239392317831516e-04
3.174981102347373962e-04
3.601564676500856876e-04
3.373594954609870911e-04
3.120790352113544941e-04
3.579198091756552458e-04
4.181614785920828581e-04
3.717272193171083927e-04
3.980891488026827574e-04
3.767828457057476044e-04
3.813024086412042379e-04
3.634206659626215696e-04
4.002565110567957163e-04
3.439269494265317917e-04
3.926510980818420649e-04
2.584700123406946659e-04
3.329806204419583082e-04
3.623108204919844866e-04
3.374331572558730841e-04
3.211542207282036543e-04
3.841681173071265221e-04
3.376576933078467846e-04
3.430134966038167477e-04
3.382657887414097786e-04
3.540312172845005989e-04
3.851875662803649902e-04
3.580699267331510782e-04
3.677896165754646063e-04
3.487975627649575472e-04
3.441422013565897942e-04
2.591045049484819174e-04
3.616579342633485794e-04
4.161426913924515247e-04
3.748560557141900063e-04
4.279512795619666576e-04
2.995540271513164043e-04
3.981007030233740807e-04
3.404964518267661333e-04
3.001612785737961531e-04
3.072850522585213184e-04
3.531766997184604406e-04
4.267013282515108585e-04
2.466600562911480665e-04
3.778679529204964638e-04
3.353693173266947269e-04
3.631700237747281790e-04
3.386191965546458960e-04
3.630267747212201357e-04
3.366596647538244724e-04
3.902336175087839365e-04
3.455950063653290272e-04
4.104676190763711929e-04
3.542758349794894457e-04
3.388507175259292126e-04
3.340100229252129793e-04
3.838416305370628834e-04
3.905073390342295170e-04
3.662754315882921219e-04
3.755897050723433495e-04
4.182726843282580376e-04
2.940325939562171698e-04
3.979431639891117811e-04
4.054229066241532564e-04
3.441355947870761156e-04
4.089165595360100269e-04
3.602192737162113190e-04
3.852936206385493279e-04
3.463725734036415815e-04
3.548715030774474144e-04
3.046338679268956184e-04
3.148344112560153008e-04
4.191611951682716608e-04
3.331017505843192339e-04
3.805158194154500961e-04
3.073197440244257450e-04
4.034860758110880852e-04
3.541563346516340971e-04
2.855091006495058537e-04
3.792271891143172979e-04
3.182607470080256462e-04
3.154557489324361086e-04
4.134210466872900724e-04
3.288090520072728395e-04
3.917005087714642286e-04
3.014985122717916965e-04
4.010466218460351229e-04
3.567054518498480320e-04
3.682921524159610271e-04
3.051773528568446636e-04
3.889074141625314951e-04
3.401779104024171829e-04
3.874120593536645174e-04
4.073430900461971760e-04
3.067600482609122992e-04
4.126751155126839876e-04
3.355094231665134430e-04
2.881323744077235460e-04
3.537983866408467293e-04
3.806181484833359718e-04
3.906307392753660679e-04
3.484122280497103930e-04
3.525881038513034582e-04
3.916682035196572542e-04
2.591434749774634838e-04
3.644704120233654976e-04
2.674933639355003834e-04
3.970593970734626055e-04
3.343771677464246750e-04
3.617164911702275276e-04
2.907831512857228518e-04
3.833582741208374500e-04
2.912904601544141769e-04
3.031249507330358028e-04
3.565241349861025810e-04
3.044115146622061729e-04
3.111071418970823288e-04
3.542392805684357882e-04
3.340301627758890390e-04
3.556380397640168667e-04
4.130803572479635477e-04
3.652765299193561077e-04
3.396580286789685488e-04
3.722833644133061171e-04
3.717844083439558744e-04
3.371832426637411118e-04
4.095603362657129765e-04
3.259291406720876694e-04
4.095621989108622074e-04
3.137514577247202396e-04
3.894782275892794132e-04
3.008731291629374027e-04
4.059330094605684280e-04
3.446105401962995529e-04
3.847095358651131392e-04
3.230574948247522116e-04
4.068030102644115686e-04
3.895645495504140854e-04
3.877313865814357996e-04
3.238341305404901505e-04
3.267558931838721037e-04
2.670598623808473349e-04
3.688372089527547359e-04
4.030226555187255144e-04
2.791266306303441525e-04
3.422421286813914776e-04
3.485048946458846331e-04
3.726747527252882719e-04
3.520099562592804432e-04
3.139723266940563917e-04
4.169720050413161516e-04
2.877318474929779768e-04
3.543185302987694740e-04
3.346856101416051388e-04
3.617586335167288780e-04
3.359052061568945646e-04
3.422697191126644611e-04
3.441119042690843344e-04
4.058012564200907946e-04
3.611473657656461000e-04
3.646124678198248148e-04
3.408828633837401867e-04
2.930680930148810148e-04
3.099061723332852125e-04
3.500156744848936796e-04
3.729188756551593542e-04
3.140588232781738043e-04
3.717223589774221182e-04
3.005303151439875364e-04
3.895895788446068764e-04
3.918366855941712856e-04
3.864001482725143433e-04
3.501779574435204268e-04
3.645424440037459135e-04
3.221591468900442123e-04
3.311538021080195904e-04
3.880946605931967497e-04
3.996531595475971699e-04
3.553095157258212566e-04
3.934587293770164251e-04
3.484339686110615730e-04
3.304979763925075531e-04
3.631779109127819538e-04
3.578636969905346632e-04
3.543851489666849375e-04
3.761703555937856436e-04
3.874983522109687328e-04
3.950272512156516314e-04
3.672030579764395952e-04
3.698170767165720463e-04
3.860985743813216686e-04
3.545187355484813452e-04
3.311028121970593929e-04
3.790249465964734554e-04
3.180101630277931690e-04
2.870843163691461086e-04
4.356311110313981771e-04
3.368199977558106184e-04
2.110628993250429630e-04
3.445381589699536562e-04
3.172215947415679693e-04
2.941973216366022825e-04
3.496064164210110903e-04
3.494786215014755726e-04
5.290476256050169468e-04
3.056602145079523325e-04
3.391871869098395109e-04
3.120597102679312229e-04
3.435990365687757730e-04
3.126818919554352760e-04
2.412781759630888700e-04
4.046843096148222685e-04
3.749998286366462708e-04
3.326464211568236351e-04
3.766368899960070848e-04
2.931603230535984039e-04
3.191195719409734011e-04
3.295239584986120462e-04
2.922088606283068657e-04
3.079607558902353048e-04
3.514427226036787033e-04
3.901672607753425837e-04
3.801552229560911655e-04
3.140078333672136068e-04
3.083792980760335922e-04
3.425467875786125660e-04
3.727539151441305876e-04
3.824442101176828146e-04
3.557446179911494255e-04
3.472405369393527508e-04
3.326022997498512268e-04
3.351531922817230225e-04
2.882954140659421682e-04
3.738134982995688915e-04
3.115269937552511692e-04
4.003069770988076925e-04
3.230857546441257000e-04
3.578993200790137053e-04
3.438231069594621658e-04
3.271917230449616909e-04
3.660681541077792645e-04
4.184902063570916653e-04
3.450120275374501944e-04
2.813846513163298368e-04
3.577323805075138807e-04
3.020517178811132908e-04
3.560781769920140505e-04
3.387931792531162500e-04
4.471653664950281382e-04
3.955065330956131220e-04
3.720865061040967703e-04
3.671658632811158895e-04
3.568031825125217438e-04
3.671279700938612223e-04
4.375126445665955544e-04
3.345404402352869511e-04
3.409030032344162464e-04
4.145315906498581171e-04
3.867424093186855316e-04
3.942855983041226864e-04
2.868376905098557472e-04
4.033917211927473545e-04
3.211422008462250233e-04
3.803784784395247698e-04
3.976699954364448786e-04
3.527320222929120064e-04
3.648381971288472414e-04
3.391766513232141733e-04
3.642506198957562447e-04
3.383022558409720659e-04
3.504963533487170935e-04
3.187985275872051716e-04
4.026610986329615116e-04
3.747862356249243021e-04
3.249793662689626217e-04
3.315797948744148016e-04
3.305307182017713785e-04
3.678148495964705944e-04
3.911629901267588139e-04
3.400058194529265165e-04
3.253101604059338570e-04
3.633373416960239410e-04
3.484906337689608335e-04
2.854022895917296410e-04
3.644574608188122511e-04
3.838353732135146856e-04
3.477908030617982149e-04
3.267936408519744873e-04
3.553592832759022713e-04
2.553608210291713476e-04
3.623417287599295378e-04
4.800445749424397945e-04
3.493569092825055122e-04
3.622635267674922943e-04
3.233423922210931778e-04
3.071788232773542404e-04
3.624118107836693525e-04
3.142113564535975456e-04
3.097224980592727661e-04
3.858800919260829687e-04
4.169610037934035063e-04
4.121676029171794653e-04
2.631678071338683367e-04
3.200556384399533272e-04
3.387930628377944231e-04
3.227492852602154016e-04
2.998745476361364126e-04
3.653648891486227512e-04
3.915720444638282061e-04
3.407335898373275995e-04
3.401547146495431662e-04
3.552715352270752192e-04
3.133097197860479355e-04
2.757253532763570547e-04
3.493240801617503166e-04
3.909394436050206423e-04
3.815837262663990259e-04
3.427032497711479664e-04
3.966354706790298223e-04
3.185259702149778605e-04
3.796113305725157261e-04
3.619110502768307924e-04
4.110967565793544054e-04
2.711792185436934233e-04
3.752444172278046608e-04
3.165562229696661234e-04
2.991547808051109314e-04
3.160466148983687162e-04
3.503502812236547470e-04
3.128561947960406542e-04
3.561298653949052095e-04
3.445569600444287062e-04
3.552445850800722837e-04
3.642233205027878284e-04
3.712892648763954639e-04
3.709612356033176184e-04
3.963404742535203695e-04
3.628645499702543020e-04
3.964390489272773266e-04
3.231242299079895020e-04
3.174328594468533993e-04
3.451786178629845381e-04
3.175051242578774691e-04
3.268143627792596817e-04
3.234670730307698250e-04
3.809065383393317461e-04
3.540557809174060822e-04
3.341558040119707584e-04
2.801476803142577410e-04
3.460758598521351814e-04
3.342822601553052664e-04
2.751195861492305994e-04
4.045485693495720625e-04
3.534119168762117624e-04
2.531691861804574728e-04
3.628582344390451908e-04
2.506742894183844328e-04
3.120573528576642275e-04
2.729378757067024708e-04
2.982105361297726631e-04
3.437928971834480762e-04
3.387557808309793472e-04
3.416862164158374071e-04
3.580276388674974442e-04
3.135190927423536777e-04
3.342220443300902843e-04
3.950498066842556000e-04
3.647092962637543678e-04
3.939459566026926041e-04
4.093359748367220163e-04
3.680466616060584784e-04
3.738066880032420158e-04
3.225925902370363474e-04
3.610872372519224882e-04
3.475156263448297977e-04
3.735962964128702879e-04
3.826212778221815825e-04
3.792741626966744661e-04
3.505187924019992352e-04
2.217855799244716763e-04
3.666471166070550680e-04
3.293275949545204639e-04
3.282270045019686222e-04
4.003386129625141621e-04
3.100648173131048679e-04
3.681750094983726740e-04
3.141846973448991776e-04
3.249321598559617996e-04
2.749773266259580851e-04
4.145698621869087219e-04
2.906137378886342049e-04
2.861271204892545938e-04
2.845558046828955412e-04
3.981828922405838966e-04
2.987965999636799097e-04
4.542959795799106359e-04
3.536328149493783712e-04
3.085030184593051672e-04
3.606703830882906914e-04
3.677641507238149643e-04
3.250155423302203417e-04
3.624357632361352444e-04
3.599127521738409996e-04
3.820193232968449593e-04
3.489677328616380692e-04
3.693694889079779387e-04
2.902676060330122709e-04
3.525599313434213400e-04
2.260311302961781621e-04
3.604725934565067291e-04
2.327442925889045000e-04
3.391959180589765310e-04
4.161842516623437405e-04
3.845536848530173302e-04
3.616361645981669426e-04
3.721993416547775269e-04
4.270104109309613705e-04
3.735405334737151861e-04
3.858182462863624096e-04
3.442338493186980486e-04
3.238022036384791136e-04
3.653053136076778173e-04
3.189886629115790129e-04
2.974804665427654982e-04
3.108316450379788876e-04
2.870377211365848780e-04
3.834229428321123123e-04
3.836864198092371225e-04
3.649293794296681881e-04
4.264433810021728277e-04
4.266244941391050816e-04
3.541567130014300346e-04
3.161464119330048561e-04
3.641191869974136353e-04
3.678285866044461727e-04
3.339368849992752075e-04
3.278572403360158205e-04
3.381205606274306774e-04
3.372678474988788366e-04
4.040689091198146343e-04
4.822889459319412708e-04
4.017743340227752924e-04
3.930490056518465281e-04
3.365605371072888374e-04
3.304616257082670927e-04
4.020161868538707495e-04
3.236465563531965017e-04
3.424503956921398640e-04
3.576691669877618551e-04
3.670546575449407101e-04
3.646342083811759949e-04
3.426882904022932053e-04
3.154610749334096909e-04
3.004721656907349825e-04
3.413196827750653028e-04
2.972029033116996288e-04
3.935254062525928020e-04
3.862472076434642076e-04
3.600600466597825289e-04
3.266793210059404373e-04
4.016173479612916708e-04
3.463008615653961897e-04
3.467007190920412540e-04
3.986450028605759144e-04
3.590110572986304760e-04
3.866667393594980240e-04
3.132111742161214352e-04
3.490309172775596380e-04
3.538688761182129383e-04
3.633326559793204069e-04
3.213936579413712025e-04
3.184817906003445387e-04
3.441634762566536665e-04
3.329213359393179417e-04
3.432601515669375658e-04
3.330465406179428101e-04
3.278462099842727184e-04
3.013015084434300661e-04
3.566977684386074543e-04
3.734858182724565268e-04
3.667976125143468380e-04
3.255092015024274588e-04
3.700459783431142569e-04
3.935013082809746265e-04
3.623733064159750938e-04
3.134394937660545111e-04
3.619583148974925280e-04
3.083131159655749798e-04
2.925208245869725943e-04
3.511025570333003998e-04
2.953952352982014418e-04
3.323137934785336256e-04
3.568347310647368431e-04
3.244548279326409101e-04
3.808308101724833250e-04
2.619072038214653730e-04
3.392841026652604342e-04
3.049284277949482203e-04
3.335360961500555277e-04
3.399316046852618456e-04
3.470461524557322264e-04
3.599591145757585764e-04
3.637833870016038418e-04
3.304845013190060854e-04
3.959683817811310291e-04
3.357962123118340969e-04
3.639366186689585447e-04
3.170031704939901829e-04
3.552780544850975275e-04
3.477897553239017725e-04
3.180578642059117556e-04
3.571485285647213459e-04
3.936327702831476927e-04
3.121078188996762037e-04
3.339358081575483084e-04
4.313486278988420963e-04
3.327946469653397799e-04
3.528935776557773352e-04
3.461548476479947567e-04
3.731595643330365419e-04
3.443593450356274843e-04
3.644841490313410759e-04
3.822420549113303423e-04
3.338230599183589220e-04
4.112989117857068777e-04
3.735704813152551651e-04
3.758314996957778931e-04
3.911430248990654945e-04
3.702531103044748306e-04
2.859582891687750816e-04
3.658989735413342714e-04
3.592157154344022274e-04
3.311291511636227369e-04
4.072487645316869020e-04
4.016903403680771589e-04
3.809651534538716078e-04
4.320449952501803637e-04
3.360961854923516512e-04
3.477885038591921329e-04
3.208153648301959038e-04
3.428173658903688192e-04
5.289608379825949669e-04
3.977173182647675276e-04
3.962116606999188662e-04
3.452538803685456514e-04
3.456799022387713194e-04
4.025985545013099909e-04
3.845643950626254082e-04
3.879203868564218283e-04
2.541990834288299084e-04
2.827057323884218931e-04
3.572469868231564760e-04
3.377186658326536417e-04
3.616214962676167488e-04
3.788676694966852665e-04
2.995794056914746761e-04
3.459464351180940866e-04
3.157150058541446924e-04
3.559634787961840630e-04
3.013008972629904747e-04
3.784941509366035461e-04
3.170043055433779955e-04
3.645283286459743977e-04
3.892215900123119354e-04
4.276741819921880960e-04
3.768213209696114063e-04
3.506772918626666069e-04
3.733907942660152912e-04
3.493686672300100327e-04
3.426572075113654137e-04
3.720699169207364321e-04
3.836465766653418541e-04
3.545683284755796194e-04
3.391774662304669619e-04
3.207260160706937313e-04
3.183555963914841413e-04
3.579526091925799847e-04
3.213815798517316580e-04
3.665097465272992849e-04
3.642795782070606947e-04
1.878467592177912593e-04
3.968675737269222736e-04
3.742666449397802353e-04
3.049818915314972401e-04
3.246724663767963648e-04
4.015534650534391403e-04
2.847343275789171457e-04
3.982739872299134731e-04
3.591404238250106573e-04
3.897807910107076168e-04
3.614688757807016373e-04
3.985683433711528778e-04
3.578814212232828140e-04
3.642525698523968458e-04
2.791658043861389160e-04
2.912550698965787888e-04
4.122956306673586369e-04
2.821772359311580658e-04
4.122017417103052139e-04
3.157010651193559170e-04
3.767582238651812077e-04
4.069186106789857149e-04
3.628245904110372066e-04
3.595422022044658661e-04
3.709108568727970123e-04
3.882629389408975840e-04
3.858716227114200592e-04
2.855329948943108320e-04
4.171195323579013348e-04
4.107689019292593002e-04
3.378777764737606049e-04
3.296210197731852531e-04
2.448241284582763910e-04
3.966604417655616999e-04
3.033411921933293343e-04
4.361390019766986370e-04
3.780110855586826801e-04
4.217614477965980768e-04
3.222484374418854713e-04
3.956739383284002542e-04
3.148144751321524382e-04
3.101814945694059134e-04
3.241650701966136694e-04
3.597845498006790876e-04
4.224783915560692549e-04
3.379535046406090260e-04
3.490081289783120155e-04
3.677390050143003464e-04
3.107470984105020761e-04
3.838214033748954535e-04
3.095302381552755833e-04
3.780226688832044601e-04
2.998653508257120848e-04
3.862160956487059593e-04
2.591434749774634838e-04
3.048924554605036974e-04
3.924526390619575977e-04
3.448695933911949396e-04
3.274161717854440212e-04
4.101527156308293343e-04
3.518407174851745367e-04
2.901969128288328648e-04
3.651917213574051857e-04
3.540228353813290596e-04
2.619878214318305254e-04
3.182695363648235798e-04
3.510538663249462843e-04
3.205123066436499357e-04
3.685475676320493221e-04
3.179847553838044405e-04
3.875315596815198660e-04
3.893850953318178654e-04
3.689631121233105659e-04
3.506074135657399893e-04
2.939462137874215841e-04
3.439402207732200623e-04
4.103524261154234409e-04
3.500136081129312515e-04
3.922464966308325529e-04
2.620655868668109179e-04
3.816611715592443943e-04
3.662737144622951746e-04
3.125734801869839430e-04
3.499225131236016750e-04
3.149057447444647551e-04
3.867679624818265438e-04
3.073707048315554857e-04
3.772752534132450819e-04
3.832591755781322718e-04
3.822615544777363539e-04
3.818465920630842447e-04
3.519962774589657784e-04
3.839890996459871531e-04
3.411727375350892544e-04
3.507196379359811544e-04
3.868851927109062672e-04
2.302667999174445868e-04
3.643924428615719080e-04
3.183826629538089037e-04
3.332917985972017050e-04
3.982829803135246038e-04
3.550729015842080116e-04
4.038147162646055222e-04
3.774273500312119722e-04
3.347207384649664164e-04
3.982183989137411118e-04
3.734242927748709917e-04
3.805664600804448128e-04
3.873571695294231176e-04
3.328012244310230017e-04
3.078150330111384392e-04
3.586469101719558239e-04
3.971610567532479763e-04
3.714300692081451416e-04
3.661049704533070326e-04
3.869140928145498037e-04
3.333420609124004841e-04
3.773814823944121599e-04
4.151070897933095694e-04
2.768151462078094482e-04
3.910085360985249281e-04
3.351894556544721127e-04
4.144603735767304897e-04
3.828988992609083652e-04
3.554249415174126625e-04
3.566734376363456249e-04
4.029347619507461786e-04
2.372239105170592666e-04
3.537425072863698006e-04
3.756210498977452517e-04
3.335650544613599777e-04
3.414184611756354570e-04
3.532845294103026390e-04
4.304537142161279917e-04
3.552324196789413691e-04
3.273769689258188009e-04
3.440438886173069477e-04
3.253149625379592180e-04
3.140813496429473162e-04
3.969524404965341091e-04
3.424196329433470964e-04
3.243409446440637112e-04
2.935919037554413080e-04
3.587387618608772755e-04
3.219983191229403019e-04
3.992390993516892195e-04
3.236441989429295063e-04
3.070778038818389177e-04
3.961974580306559801e-04
3.702444373629987240e-04
3.811130882240831852e-04
3.985717194154858589e-04
4.073673044331371784e-04
3.701713867485523224e-04
3.695265622809529305e-04
3.842515579890459776e-04
3.691757738124579191e-04
3.935628337785601616e-04
4.159554082434624434e-04
3.026726481039077044e-04
3.883189929183572531e-04
3.523840859998017550e-04
3.901968593709170818e-04
3.749553579837083817e-04
2.906093723140656948e-04
3.470891388133168221e-04
3.775624500121921301e-04
3.804305160883814096e-04
3.933077969122678041e-04
3.510680980980396271e-04
3.595230809878557920e-04
3.616155008785426617e-04
3.779344260692596436e-04
3.752884513232856989e-04
3.420606371946632862e-04
3.642197116278111935e-04
3.422352601774036884e-04
3.514124837238341570e-04
2.681348996702581644e-04
4.093478783033788204e-04
2.954987285193055868e-04
3.560905752237886190e-04
3.565779770724475384e-04
3.174715093336999416e-04
4.047454858664423227e-04
3.947837103623896837e-04
2.694235008675605059e-04
3.886039485223591328e-04
3.976863517891615629e-04
3.378670371603220701e-04
4.060070205014199018e-04
3.563308273442089558e-04
3.687177668325603008e-04
3.341631381772458553e-04
3.494346456136554480e-04
3.489467198960483074e-04
2.874679921660572290e-04
3.247101558372378349e-04
3.328375751152634621e-04
3.922354371752589941e-04
3.828423796221613884e-04
3.309050225652754307e-04
3.618352930061519146e-04
3.615342720877379179e-04
3.055700217373669147e-04
3.556401352398097515e-04
4.125148698221892118e-04
3.450436925049871206e-04
2.864747657440602779e-04
3.716651699505746365e-04
2.951959031634032726e-04
3.677290806081146002e-04
4.464883240871131420e-04
3.318334638606756926e-04
3.774068318307399750e-04
3.011598309967666864e-04
3.409222990740090609e-04
3.513457195367664099e-04
3.897469141520559788e-04
3.226922417525202036e-04
3.548614040482789278e-04
3.685194242279976606e-04
3.212148440070450306e-04
3.556472947821021080e-04
2.350743889110162854e-04
3.630282881204038858e-04
3.534688730724155903e-04
3.393514489289373159e-04
3.260688972659409046e-04
3.863317542709410191e-04
4.098385688848793507e-04
3.427069459576159716e-04
4.290530923753976822e-04
3.668069548439234495e-04
2.430941676720976830e-04
3.024238685611635447e-04
3.398792177904397249e-04
3.628080012276768684e-04
3.645200631581246853e-04
3.837910480797290802e-04
3.661935334093868732e-04
3.704500559251755476e-04
3.282754623796790838e-04
3.734609053935855627e-04
3.765895089600235224e-04
3.285816346760839224e-04
4.117670177947729826e-04
3.454081888776272535e-04
3.928055230062454939e-04
3.314867790322750807e-04
4.051346913911402225e-04
3.642805968411266804e-04
3.811428323388099670e-04
3.512406256049871445e-04
4.029950941912829876e-04
3.023283497896045446e-04
3.614255983848124743e-04
2.167627826565876603e-04
3.633001761045306921e-04
4.145573766436427832e-04
4.089871945325285196e-04
3.446228220127522945e-04
3.950840909965336323e-04
4.273928352631628513e-04
3.299506497569382191e-04
3.601635107770562172e-04
3.439975553192198277e-04
3.510395472403615713e-04
3.266632847953587770e-04
3.313237684778869152e-04
3.394859086256474257e-04
3.331053885631263256e-04
3.696299099829047918e-04
4.145038546994328499e-04
2.798300993163138628e-04
3.609337727539241314e-04
3.641663643065840006e-04
4.065449465997517109e-04
3.813874791376292706e-04
3.881129086948931217e-04
3.946582146454602480e-04
3.328507882542908192e-04
2.948764304164797068e-04
3.718741645570844412e-04
3.866401966661214828e-04
3.899002331309020519e-04
3.856396942865103483e-04
3.398333501536399126e-04
3.126694064121693373e-04
3.570269327610731125e-04
3.825586754828691483e-04
3.039236762560904026e-04
3.788807371165603399e-04
3.285327984485775232e-04
2.160259609809145331e-04
3.121616900898516178e-04
3.482719184830784798e-04
3.868746280204504728e-04
3.628938866313546896e-04
3.169029951095581055e-04
3.870809741783887148e-04
3.458902356214821339e-04
3.518159792292863131e-04
3.250242152716964483e-04
3.462895110715180635e-04
3.807905886787921190e-04
3.758102247957140207e-04
3.297631919849663973e-04
3.579919284675270319e-04
3.774200158659368753e-04
5.998880369588732719e-04
4.161109682172536850e-04
3.742743574548512697e-04
3.207662375643849373e-04
3.710355667863041162e-04
3.404939488973468542e-04
4.319318395573645830e-04
3.504120686557143927e-04
2.062280109385028481e-04
3.162593638990074396e-04
3.356661763973534107e-04
4.025276284664869308e-04
3.648324927780777216e-04
3.518182784318923950e-04
3.547443193383514881e-04
3.218701749574393034e-04
3.917100548278540373e-04
2.893137279897928238e-04
3.506695211399346590e-04
3.559627512004226446e-04
3.171071875840425491e-04
3.215248580090701580e-04
3.515181306283921003e-04
4.061470390297472477e-04
3.330261097289621830e-04
3.438873973209410906e-04
3.877405542880296707e-04
4.051808209624141455e-04
3.936461580451577902e-04
3.660855581983923912e-04
2.887326700147241354e-04
3.834704402834177017e-04
3.511871618684381247e-04
4.030363634228706360e-04
3.756110672838985920e-04
3.189468989148736000e-04
3.320736577734351158e-04
3.280214732512831688e-04
2.844385162461549044e-04
2.242565678898245096e-04
3.771717601921409369e-04
3.750052710529416800e-04
3.115755680482834578e-04
4.033814475405961275e-04
2.427222934784367681e-04
3.495675919111818075e-04
3.109346725977957249e-04
4.188992024865001440e-04
3.362128627486526966e-04
3.298888332210481167e-04
4.037216131109744310e-04
4.130574234295636415e-04
3.376954700797796249e-04
3.430094802752137184e-04
3.401135327294468880e-04
3.920903545804321766e-04
3.872445377055555582e-04
2.662570041138678789e-04
3.909397637471556664e-04
3.640840877778828144e-04
2.985288156196475029e-04
3.379684058018028736e-04
3.142581845168024302e-04
3.792953793890774250e-04
3.336477966513484716e-04
3.453036188147962093e-04
3.686050185933709145e-04
3.566993109416216612e-04
3.401591966394335032e-04
3.154126170556992292e-04
3.574289730750024319e-04
4.095388867426663637e-04
4.061955842189490795e-04
3.445946204010397196e-04
3.569507971405982971e-04
3.462409949861466885e-04
4.220483824610710144e-04
3.171275602653622627e-04
4.078904748894274235e-04
3.512146358843892813e-04
2.926034212578088045e-04
5.303652724251151085e-04
4.305592447053641081e-04
3.479622537270188332e-04
3.349905600771307945e-04
3.469694056548178196e-04
3.790867631323635578e-04
4.267524345777928829e-04
3.567383973859250546e-04
4.116599448025226593e-04
4.298696876503527164e-04
2.757398178800940514e-04
3.210023860447108746e-04
3.102282353211194277e-04
3.533237904775887728e-04
2.887143637053668499e-04
3.969142271671444178e-04
3.385457675904035568e-04
4.068939015269279480e-04
3.526539658196270466e-04
3.205351531505584717e-04
3.828618209809064865e-04
2.980661229230463505e-04
3.661114897113293409e-04
3.574851434677839279e-04
3.347529273014515638e-04
3.908298385795205832e-04
3.815313684754073620e-04
3.247395507059991360e-04
3.758191596716642380e-04
3.366833843756467104e-04
3.636350447777658701e-04
3.278967924416065216e-04
3.399206034373492002e-04
3.465992340352386236e-04
3.829698835033923388e-04
3.870607470162212849e-04
3.928270016331225634e-04
3.556416195351630449e-04
3.591294225770980120e-04
3.599464253056794405e-04
3.233528404962271452e-04
3.735145146492868662e-04
3.788684553001075983e-04
3.481922612991183996e-04
3.635091416072100401e-04
3.612842119764536619e-04
4.175369977019727230e-04
4.204622819088399410e-04
3.255457850173115730e-04
3.786359447985887527e-04
3.780248807743191719e-04
3.863527090288698673e-04
3.833164228126406670e-04
3.486103378236293793e-04
3.865857725031673908e-04
3.316577058285474777e-04
4.052701406180858612e-04
3.874899121001362801e-04
3.831367648672312498e-04
3.118512395303696394e-04
3.817463584709912539e-04
3.853625967167317867e-04
3.342331910971552134e-04
3.402365546207875013e-04
3.299759409856051207e-04
4.144011472817510366e-04
3.752903721760958433e-04
3.603649965953081846e-04
2.695264120120555162e-04
3.320075629744678736e-04
3.646215191110968590e-04
3.650346188805997372e-04
3.465262416284531355e-04
3.634697059169411659e-04
3.183945664204657078e-04
3.010217333212494850e-04
3.262763784732669592e-04
3.608416591305285692e-04
3.278755175415426493e-04
3.578447212930768728e-04
3.820872516371309757e-04
4.091668233741074800e-04
3.860086726490408182e-04
3.471716481726616621e-04
3.693755134008824825e-04
3.975920553784817457e-04
3.716022474691271782e-04
3.298102528788149357e-04
3.647246339824050665e-04
3.466481575742363930e-04
3.891426604241132736e-04
3.445484326221048832e-04
3.362684219609946012e-04
3.694427141454070807e-04
4.323280008975416422e-04
3.573795256670564413e-04
3.523278282955288887e-04
3.504168125800788403e-04
3.728663141373544931e-04
2.420629170956090093e-04
3.172811411786824465e-04
3.037281276192516088e-04
2.932986244559288025e-04
2.857002255041152239e-04
2.992986701428890228e-04
3.601242206059396267e-04
3.023721510544419289e-04
3.581218188628554344e-04
4.147608124185353518e-04
3.585814847610890865e-04
3.288463340140879154e-04
4.035865131299942732e-04
3.230368893127888441e-04
3.761783882509917021e-04
3.591576532926410437e-04
1.882291835499927402e-04
3.795798111241310835e-04
3.897399874404072762e-04
3.721781540662050247e-04
3.579487965907901525e-04
2.708355605136603117e-04
3.740642277989536524e-04
3.141234919894486666e-04
4.263008013367652893e-04
3.658483328763395548e-04
3.465308691374957561e-04
4.102457314729690552e-04
3.857613482978194952e-04
3.972813428845256567e-04
3.484113258309662342e-04
3.669671423267573118e-04
3.695469349622726440e-04
3.793040523305535316e-04
3.392230137251317501e-04
3.914032713510096073e-04
4.558580985758453608e-04
4.024236695840954781e-04
3.048006328754127026e-04
4.037238250020891428e-04
3.601584758143872023e-04
3.702533722389489412e-04
3.574655274860560894e-04
4.010328557342290878e-04
3.877618291880935431e-04
3.681891830638051033e-04
4.143456753809005022e-04
3.872355446219444275e-04
3.545225481502711773e-04
3.119777829851955175e-04
3.492231480777263641e-04
3.867667401209473610e-04
3.727687580976635218e-04
3.354653017595410347e-04
3.569974796846508980e-04
3.959452442359179258e-04
3.977506421506404877e-04
3.630959545262157917e-04
3.333621425554156303e-04
3.881118027493357658e-04
3.750560572370886803e-04
3.963898052461445332e-04
4.159801173955202103e-04
3.193735901731997728e-04
3.422243753448128700e-04
2.972140500787645578e-04
4.302894521970301867e-04
3.845897153951227665e-04
4.190282779745757580e-04
3.935460117645561695e-04
3.675964835565537214e-04
3.246541309636086226e-04
3.759547544177621603e-04
4.030177660752087831e-04
3.874308313243091106e-04
4.947502748109400272e-04
3.358378598932176828e-04
3.737981314770877361e-04
3.420180291868746281e-04
3.541908517945557833e-04
2.538491680752485991e-04
3.465629706624895334e-04
3.208802081644535065e-04
3.552988637238740921e-04
3.224365937057882547e-04
3.192252770531922579e-04
4.805939679499715567e-04
3.906085912603884935e-04
3.702611138578504324e-04
3.703480761032551527e-04
3.169748524669557810e-04
3.937781148124486208e-04
2.976896357722580433e-04
3.933986590709537268e-04
3.007825289387255907e-04
3.675934858620166779e-04
3.557245654519647360e-04
3.416568797547370195e-04
4.044502275064587593e-04
3.344462311360985041e-04
3.763896820601075888e-04
3.575191076379269361e-04
3.538897144608199596e-04
3.521729668136686087e-04
3.773847711272537708e-04
3.556784649845212698e-04
2.702727215364575386e-04
3.008746425621211529e-04
3.662492090370506048e-04
3.382474533282220364e-04
3.206017718184739351e-04
4.097457567695528269e-04
3.490185772534459829e-04
4.449940752238035202e-04
3.876153787132352591e-04
3.351641062181442976e-04
3.812665818259119987e-04
3.412899968679994345e-04
3.613603184930980206e-04
3.595296002458781004e-04
3.831014328170567751e-04
3.595852176658809185e-04
3.713419137056916952e-04
3.549779939930886030e-04
3.618722257670015097e-04
2.900460385717451572e-04
3.730556054506450891e-04
3.646222467068582773e-04
3.484581247903406620e-04
3.389818302821367979e-04
3.381371498107910156e-04
3.264528058934956789e-04
2.945064334198832512e-04
3.384466981515288353e-04
3.555737494025379419e-04
3.183657245244830847e-04
3.829727647826075554e-04
3.802452119998633862e-04
3.368434263393282890e-04
3.583646030165255070e-04
3.740321262739598751e-04
3.250493609812110662e-04
4.023794317618012428e-04
1.930693542817607522e-04
3.781936538871377707e-04
3.818236291408538818e-04
2.942164719570428133e-04
4.062950902152806520e-04
3.560117038432508707e-04
3.347016754560172558e-04
3.368007601238787174e-04
3.464729525148868561e-04
3.964917268604040146e-04
2.557482221163809299e-04
3.339863906148821115e-04
3.910753584932535887e-04
3.559527685865759850e-04
3.822118742391467094e-04
3.308586019556969404e-04
3.311595355626195669e-04
3.117014130111783743e-04
3.416736726649105549e-04
3.917436988558620214e-04
3.091291873715817928e-04
3.731032484211027622e-04
3.626486868597567081e-04
3.254356852266937494e-04
3.275025519542396069e-04
4.155874776188284159e-04
3.371417114976793528e-04
3.278951335232704878e-04
3.144094953313469887e-04
3.945294301956892014e-04
3.744627465493977070e-04
3.438204585108906031e-04
3.623333177529275417e-04
3.448213101364672184e-04
2.972054353449493647e-04
3.405059396754950285e-04
2.720539632719010115e-04
3.851398359984159470e-04
4.170198808424174786e-04
3.426920447964221239e-04
3.734283673111349344e-04
3.922947798855602741e-04
3.843283921014517546e-04
3.113051352556794882e-04
3.576242015697062016e-04
2.806307456921786070e-04
3.529978566803038120e-04
3.295949427410960197e-04
2.162473101634532213e-04
3.155540616717189550e-04
1.981773093575611711e-04
3.337365342304110527e-04
2.785928372759371996e-04
3.543318598531186581e-04
3.077470173593610525e-04
3.731592150870710611e-04
3.513712726999074221e-04
3.217036719433963299e-04
3.438756975810974836e-04
3.119558095932006836e-04
2.444575366098433733e-04
4.207259044051170349e-04
3.925962082576006651e-04
3.695195191539824009e-04
3.619267663452774286e-04
4.205603327136486769e-04
3.816900716628879309e-04
3.268044383730739355e-04
3.222790546715259552e-04
3.660263319034129381e-04
2.998503332491964102e-04
2.837582142092287540e-04
4.087015404365956783e-04
3.370641788933426142e-04
3.661972004920244217e-04
3.440625150687992573e-04
3.825054445769637823e-04
3.553128917701542377e-04
3.294834459666162729e-04
3.490118542686104774e-04
3.515736316330730915e-04
2.943003491964191198e-04
3.686491108965128660e-04
3.592910361476242542e-04
3.341660776641219854e-04
3.289631567895412445e-04
3.599929332267493010e-04
3.369052137713879347e-04
2.381658705417066813e-04
3.286067512817680836e-04
3.242800303269177675e-04
4.095481708645820618e-04
3.617702459450811148e-04
3.216959303244948387e-04
3.821041027549654245e-04
4.031847929581999779e-04
3.624260134529322386e-04
3.916957648470997810e-04
4.173341731075197458e-04
3.435077960602939129e-04
3.441753215156495571e-04
3.936630091629922390e-04
3.997846215497702360e-04
3.133972350042313337e-04
3.539385215844959021e-04
3.090821555815637112e-04
4.634849319700151682e-04
4.020610940642654896e-04
3.244683321099728346e-04
2.889906754717230797e-04
3.513292176648974419e-04
3.860365250147879124e-04
3.652466693893074989e-04
3.995450097136199474e-04
3.268423897679895163e-04
2.294286096002906561e-04
3.541327023413032293e-04
3.737732477020472288e-04
4.221653216518461704e-04
3.207687695976346731e-04
3.350599436089396477e-04
3.051762760151177645e-04
3.503798216115683317e-04
3.577179450076073408e-04
3.524250641930848360e-04
3.848942578770220280e-04
2.915371442213654518e-04
4.000328190159052610e-04
1.998096704483032227e-04
4.836713778786361217e-04
3.456110134720802307e-04
3.341477422509342432e-04
4.106214910279959440e-04
3.447516937740147114e-04
3.306256840005517006e-04
3.114651481155306101e-04
3.879773139487951994e-04
2.027365990215912461e-04
3.044188488274812698e-04
2.653415722306817770e-04
3.563399950508028269e-04
3.493821423035115004e-04
3.354910877533257008e-04
4.166775324847549200e-04
3.457230050116777420e-04
3.994250437244772911e-04
3.581973141990602016e-04
3.157735045533627272e-04
3.360575647093355656e-04
3.217791963834315538e-04
3.891323285643011332e-04
3.464805486146360636e-04
3.634281456470489502e-04
4.197231028228998184e-04
3.641111834440380335e-04
4.043575900141149759e-04
3.040823212359100580e-04
3.847874759230762720e-04
3.346855810377746820e-04
3.446397313382476568e-04
4.225470474921166897e-04
3.279278171248733997e-04
3.226809785701334476e-04
3.615870373323559761e-04
4.010039265267550945e-04
3.518002631608396769e-04
3.847323532681912184e-04
3.847547632176429033e-04
3.086137003265321255e-04
3.494453849270939827e-04
3.621787473093718290e-04
3.429616626817733049e-04
3.559368487913161516e-04
3.823757288046181202e-04
2.954558876808732748e-04
3.589775878936052322e-04
3.337004454806447029e-04
3.060711605940014124e-04
3.811490605585277081e-04
3.672736056614667177e-04
3.523386258166283369e-04
3.520006721373647451e-04
3.388217592146247625e-04
3.766905865631997585e-04
3.237120399717241526e-04
3.784475557040423155e-04
3.314666682854294777e-04
3.714349877554923296e-04
3.419244603719562292e-04
3.827601030934602022e-04
3.980639157816767693e-04
2.537364489398896694e-04
3.810728085227310658e-04
3.337200323585420847e-04
4.097449418623000383e-04
2.999450662173330784e-04
3.943034680560231209e-04
3.221014630980789661e-04
3.892395470757037401e-04
3.767180605791509151e-04
3.919455630239099264e-04
3.527983208186924458e-04
3.562515485100448132e-04
3.205490647815167904e-04
5.553705850616097450e-04
3.718213702086359262e-04
3.136032028123736382e-04
2.968605258502066135e-04
3.697314241435378790e-04
3.613498120103031397e-04
3.597920876927673817e-04
3.966910589952021837e-04
3.494848497211933136e-04
3.545056388247758150e-04
3.585621016100049019e-04
3.958985907956957817e-04
3.340449475217610598e-04
3.604610101319849491e-04
3.662883245851844549e-04
3.536975418683141470e-04
3.222132509108632803e-04
3.264188417233526707e-04
3.845854953397065401e-04
4.108758876100182533e-04
2.889737661462277174e-04
3.135866427328437567e-04
4.034382873214781284e-04
2.819082292262464762e-04
3.684968978632241488e-04
3.603554796427488327e-04
3.425925096962600946e-04
3.215672331862151623e-04
3.878747811540961266e-04
3.440935979597270489e-04
3.919977752957493067e-04
3.595619346015155315e-04
3.570311237126588821e-04
3.144665679428726435e-04
3.074310661759227514e-04
3.352157655172049999e-04
3.418046981096267700e-04
3.091413818765431643e-04
3.711158933583647013e-04
3.597122267819941044e-04
3.810561320278793573e-04
3.791137132793664932e-04
2.905451401602476835e-04
3.821689460892230272e-04
3.624284581746906042e-04
3.708853037096560001e-04
