3.625020908657461405e-04
3.432984813116490841e-04
3.869995416607707739e-04
3.250506415497511625e-04
3.419587155804038048e-04
3.814879746641963720e-04
2.903348358813673258e-04
3.285557904746383429e-04
3.890821535605937243e-04
3.775527875404804945e-04
3.347148012835532427e-04
3.306003345642238855e-04
4.426874511409550905e-04
3.824653103947639465e-04
3.887378552462905645e-04
2.881578984670341015e-04
3.809567424468696117e-04
3.767514135688543320e-04
3.651898296084254980e-04
3.071879327762871981e-04
3.750057949218899012e-04
3.235085459891706705e-04
3.246923151891678572e-04
3.960987669415771961e-04
3.922167525161057711e-04
3.492087707854807377e-04
3.674530016724020243e-04
3.400150162633508444e-04
3.717342915479093790e-04
2.835828345268964767e-04
3.535897994879633188e-04
3.887615166604518890e-04
2.586920745670795441e-04
3.597050090320408344e-04
2.956938697025179863e-04
4.025154921691864729e-04
3.741666150745004416e-04
2.990634820889681578e-04
2.915282093454152346e-04
4.176809161435812712e-04
2.384456020081415772e-04
3.738705709110945463e-04
3.048928629141300917e-04
3.754900535568594933e-04
3.466522321105003357e-04
3.569666587281972170e-04
3.479922597762197256e-04
3.492456453386694193e-04
3.688445140141993761e-04
2.909774484578520060e-04
4.183434648439288139e-04
3.851147484965622425e-04
3.084423369728028774e-04
3.567323146853595972e-04
3.309342137072235346e-04
3.000392171088606119e-04
3.502460021991282701e-04
3.336310910526663065e-04
4.371157847344875336e-04
3.389187913853675127e-04
2.950090565718710423e-04
3.695808409247547388e-04
2.547244075685739517e-04
3.509367234073579311e-04
3.968002274632453918e-04
3.614367451518774033e-04
3.090228710789233446e-04
3.872872912324965000e-04
4.060536157339811325e-04
3.054880071431398392e-04
3.428822092246264219e-04
4.268970806151628494e-04
3.218654892407357693e-04
3.374805673956871033e-04
4.074624157510697842e-04
4.043549706693738699e-04
3.874443355016410351e-04
4.176217189524322748e-04
4.376614233478903770e-04
2.068568865070119500e-04
3.819703706540167332e-04
4.097098426427692175e-04
3.684324037749320269e-04
2.386058476986363530e-04
3.842280711978673935e-04
3.091534890700131655e-04
3.879906435031443834e-04
3.493892145343124866e-04
2.723505604080855846e-04
3.925163473468273878e-04
3.543603525031358004e-04
3.764386055991053581e-04
3.538067103363573551e-04
3.695670166052877903e-04
3.097460139542818069e-04
4.021382192149758339e-04
3.308982122689485550e-04
3.369539917912334204e-04
3.694817132782191038e-04
2.474625653121620417e-04
3.394000523258000612e-04
3.656191984191536903e-04
3.576827002689242363e-04
3.535600262694060802e-04
2.688400272745639086e-04
3.000794386025518179e-04
3.678973880596458912e-04
3.455458790995180607e-04
3.586687380447983742e-04
3.573723079171031713e-04
3.833379014395177364e-04
3.750924370251595974e-04
3.488866204861551523e-04
3.359608235768973827e-04
3.685580741148442030e-04
1.625129953026771545e-04
3.162578796036541462e-04
3.770793555304408073e-04
3.578385221771895885e-04
3.358739195391535759e-04
3.603864461183547974e-04
3.786833840422332287e-04
3.625728713814169168e-04
3.338741953484714031e-04
3.748833260033279657e-04
3.356843371875584126e-04
4.143522237427532673e-04
5.049366736784577370e-04
3.046576166525483131e-04
3.999121545348316431e-04
3.134653088636696339e-04
3.651562437880784273e-04
3.576102608349174261e-04
3.474296827334910631e-04
3.964786010328680277e-04
3.085815696977078915e-04
3.979445609729737043e-04
3.839003329630941153e-04
3.523591731209307909e-04
3.208394045941531658e-04
3.263210528530180454e-04
3.521004109643399715e-04
2.393399918219074607e-04
4.129216249566525221e-04
3.173535806126892567e-04
3.022950841113924980e-04
3.833713126368820667e-04
3.683838294818997383e-04
3.352323547005653381e-04
3.717947984114289284e-04
1.588284794706851244e-04
3.784783184528350830e-04
3.469981311354786158e-04
3.503709449432790279e-04
3.569740219973027706e-04
3.723922127392143011e-04
3.289050946477800608e-04
3.141769266221672297e-04
3.742599219549447298e-04
3.355459484737366438e-04
3.722446563187986612e-04
3.126423980575054884e-04
4.121339588891714811e-04
3.295484930276870728e-04
2.249937097076326609e-04
3.595585585571825504e-04
3.706614661496132612e-04
3.359608526807278395e-04
3.275459748692810535e-04
3.996386658400297165e-04
3.446418559178709984e-04
3.414579550735652447e-04
4.091790178790688515e-04
3.284299455117434263e-04
3.642135125119239092e-04
3.256245981901884079e-04
3.851120709441602230e-04
4.448251856956630945e-04
3.536362783052027225e-04
3.520135360304266214e-04
3.238114295527338982e-04
3.743223787751048803e-04
3.608415427152067423e-04
4.002106434199959040e-04
3.919940209016203880e-04
3.175261954311281443e-04
3.042374446522444487e-04
2.907655434682965279e-04
3.354623622726649046e-04
2.961470163427293301e-04
2.553435915615409613e-04
3.966889344155788422e-04
3.583147481549531221e-04
3.361195558682084084e-04
3.392571816220879555e-04
3.870523651130497456e-04
3.055471752304583788e-04
3.712485486175864935e-04
4.401063488330692053e-04
3.341354604344815016e-04
3.452672390267252922e-04
2.806348784361034632e-04
3.377083630766719580e-04
3.443028836045414209e-04
3.373602230567485094e-04
3.677440399769693613e-04
3.975608851760625839e-04
4.109174187760800123e-04
3.571265842765569687e-04
3.825230814982205629e-04
3.561640914995223284e-04
3.316107613500207663e-04
3.717457002494484186e-04
3.951869439333677292e-04
3.557928721420466900e-04
3.086303186137229204e-04
3.412209043744951487e-04
3.229865687899291515e-04
4.019690968561917543e-04
3.262590034864842892e-04
3.473114629741758108e-04
3.275116323493421078e-04
2.873603370971977711e-04
3.095479623880237341e-04
3.624565433710813522e-04
3.863750316668301821e-04
3.307486767880618572e-04
3.205901011824607849e-04
3.575703303795307875e-04
3.562226193025708199e-04
3.754787321668118238e-04
3.773857315536588430e-04
2.810815640259534121e-04
3.654270258266478777e-04
3.938356821890920401e-04
3.451650554779917002e-04
4.001744382549077272e-04
3.401690046302974224e-04
3.582448407541960478e-04
4.006059316452592611e-04
3.061158058699220419e-04
3.954037092626094818e-04
3.656146873254328966e-04
3.339457616675645113e-04
3.767700109165161848e-04
3.207405388820916414e-04
2.825679839588701725e-04
3.454256220720708370e-04
4.210316401440650225e-04
3.813902148976922035e-04
3.518040757626295090e-04
3.907801292371004820e-04
3.899769217241555452e-04
4.117364587727934122e-04
4.291319928597658873e-04
3.657470224425196648e-04
3.297699149698019028e-04
3.119554603472352028e-04
3.433891397435218096e-04
4.962637322023510933e-04
3.438062849454581738e-04
3.535535652190446854e-04
3.853683301713317633e-04
3.772249037865549326e-04
3.312698681838810444e-04
3.812758950516581535e-04
3.502723120618611574e-04
3.646307741291821003e-04
3.515584685374051332e-04
3.259525692556053400e-04
3.708199365064501762e-04
3.227170382160693407e-04
3.730701573658734560e-04
3.767027228605002165e-04
3.397358523216098547e-04
3.725001297425478697e-04
3.499799058772623539e-04
3.657866036519408226e-04
2.845443959813565016e-04
3.785955195780843496e-04
3.974278515670448542e-04
3.465553454589098692e-04
2.667066873982548714e-04
3.943956398870795965e-04
3.979198227170854807e-04
4.187184968031942844e-04
3.598626644816249609e-04
2.725189842749387026e-04
3.988111857324838638e-04
3.406713658478111029e-04
3.355062799528241158e-04
3.120873298030346632e-04
2.869622258003801107e-04
3.717157815117388964e-04
3.317303489893674850e-04
3.224341780878603458e-04
3.540455363690853119e-04
3.637117333710193634e-04
3.798966063186526299e-04
3.043507458642125130e-04
3.222556551918387413e-04
3.282981342636048794e-04
3.856919356621801853e-04
4.002203349955379963e-04
3.405513707548379898e-04
2.836260828189551830e-04
3.335434303153306246e-04
3.801925922743976116e-04
3.637254412751644850e-04
3.994165454059839249e-04
3.460340958554297686e-04
3.092843980994075537e-04
3.562126657925546169e-04
3.374934312887489796e-04
4.054099554196000099e-04
3.850348293781280518e-04
3.353672800585627556e-04
2.890651521738618612e-04
3.279829979874193668e-04
3.359736583661288023e-04
3.809658228419721127e-04
1.760480372468009591e-04
3.511322138365358114e-04
3.333771601319313049e-04
3.604863304644823074e-04
2.315515885129570961e-04
3.453044919297099113e-04
3.380916605237871408e-04
3.533546696417033672e-04
3.244954859837889671e-04
3.694347105920314789e-04
3.723837144207209349e-04
3.875666297972202301e-04
3.516760771162807941e-04
3.356398956384509802e-04
3.505045606289058924e-04
4.230676568113267422e-04
3.493221884127706289e-04
3.838347911369055510e-04
3.681678790599107742e-04
3.526167129166424274e-04
3.657409106381237507e-04
3.803791478276252747e-04
3.623597440309822559e-04
3.418327833060175180e-04
2.885430294554680586e-04
2.482875715941190720e-04
4.049819253850728273e-04
3.439874271862208843e-04
3.203397209290415049e-04
3.012835222762078047e-04
3.381769347470253706e-04
2.084284933516755700e-04
3.584913210943341255e-04
3.026438644155859947e-04
2.794816682580858469e-04
3.609725390560925007e-04
4.083875101059675217e-04
3.799553960561752319e-04
3.630443825386464596e-04
3.722742258105427027e-04
3.897100395988672972e-04
3.785917360801249743e-04
3.901664167642593384e-04
3.238017088733613491e-04
3.342193667776882648e-04
3.357394016347825527e-04
3.834418894257396460e-04
3.812469367403537035e-04
3.354793589096516371e-04
2.163074241252616048e-04
4.060442151967436075e-04
3.054567787330597639e-04
3.193419834133237600e-04
3.713705809786915779e-04
3.286424907855689526e-04
3.586859966162592173e-04
3.893901302944868803e-04
3.564415674190968275e-04
2.388831198913976550e-04
3.350629121996462345e-04
3.599351039156317711e-04
3.608002152759581804e-04
3.996053128503262997e-04
3.479957231320440769e-04
3.538723394740372896e-04
4.317423445172607899e-04
3.712131874635815620e-04
3.281410899944603443e-04
3.857947594951838255e-04
3.965832584071904421e-04
4.031781281810253859e-04
3.060165909118950367e-04
3.388932382222265005e-04
3.390193742234259844e-04
3.395291860215365887e-04
3.768848546314984560e-04
3.164288937114179134e-04
3.322081756778061390e-04
2.196784334955736995e-04
3.361350682098418474e-04
3.857083793263882399e-04
3.449069918133318424e-04
2.731276035774499178e-04
2.669009263627231121e-04
3.056522982660681009e-04
3.516019787639379501e-04
3.425497852731496096e-04
3.526013169903308153e-04
3.338988462928682566e-04
3.639280621428042650e-04
3.711604222189635038e-04
3.341616538818925619e-04
3.405715106055140495e-04
3.438416169956326485e-04
3.369469777680933475e-04
3.703998518176376820e-04
3.092534607276320457e-04
4.110636655241250992e-04
3.214985481463372707e-04
3.149615658912807703e-04
3.073287080042064190e-04
3.701091627590358257e-04
3.345324657857418060e-04
2.698319149203598499e-04
3.397010441403836012e-04
3.379650588613003492e-04
4.034388111904263496e-04
3.407963376957923174e-04
3.633755550254136324e-04
4.161463293712586164e-04
3.340688126627355814e-04
4.067785339429974556e-04
3.826421452686190605e-04
3.173582663293927908e-04
4.997662617824971676e-04
3.605179081205278635e-04
4.035769670736044645e-04
3.406404284760355949e-04
3.773229254875332117e-04
3.823583829216659069e-04
3.454506222624331713e-04
3.319377428852021694e-04
4.332507960498332977e-04
4.132238100282847881e-04
2.991219516843557358e-04
3.079893067479133606e-04
3.571170382201671600e-04
3.554285212885588408e-04
3.576548187993466854e-04
3.746716247405856848e-04
3.399220295250415802e-04
3.130230470560491085e-04
3.974753490183502436e-04
3.487509384285658598e-04
2.723543148022145033e-04
4.946253029629588127e-04
3.919172741007059813e-04
4.002822970505803823e-04
3.615100577007979155e-04
3.503747284412384033e-04
3.375311789568513632e-04
3.359253751114010811e-04
3.620018833316862583e-04
3.081622417084872723e-04
2.769721613731235266e-04
3.975991276092827320e-04
3.283683327026665211e-04
3.946915385313332081e-04
3.616971371229737997e-04
3.496868885122239590e-04
2.696595911402255297e-04
4.047457769047468901e-04
3.384917508810758591e-04
3.771564224734902382e-04
3.478615253698080778e-04
2.849999873433262110e-04
3.448667121119797230e-04
3.716544888447970152e-04
4.391117545310407877e-04
3.767927701119333506e-04
4.270400095265358686e-04
3.270212910138070583e-04
3.066358040086925030e-04
3.834796661976724863e-04
3.704243572428822517e-04
3.738123341463506222e-04
3.290722670499235392e-04
3.793872310779988766e-04
3.129215037915855646e-04
3.788749745581299067e-04
3.589953412301838398e-04
3.313948400318622589e-04
3.740204847417771816e-04
2.679903118405491114e-04
3.732062468770891428e-04
5.762682412751019001e-04
3.474266268312931061e-04
3.539989411365240812e-04
3.646057448349893093e-04
3.548606473486870527e-04
3.737010702025145292e-04
3.592478751670569181e-04
3.387529286555945873e-04
3.298610099591314793e-04
3.203585802111774683e-04
3.365112934261560440e-04
3.548351523932069540e-04
3.686843847390264273e-04
3.622567746788263321e-04
3.429126809351146221e-04
4.001148627139627934e-04
4.061026556883007288e-04
3.261850797571241856e-04
3.478317812550812960e-04
3.109113895334303379e-04
3.991230041719973087e-04
3.386932949069887400e-04
2.997310075443238020e-04
3.608881670515984297e-04
3.341079282108694315e-04
3.956911095883697271e-04
4.698680713772773743e-04
3.880971344187855721e-04
3.870522195938974619e-04
3.842915757559239864e-04
3.437360574025660753e-04
3.770365437958389521e-04
3.394544764887541533e-04
2.548497577663511038e-04
3.469451039563864470e-04
3.688085125759243965e-04
3.536993463058024645e-04
3.418315027374774218e-04
3.498006262816488743e-04
3.406471805647015572e-04
3.835265815723687410e-04
3.848559863399714231e-04
3.766445151995867491e-04
3.407875774428248405e-04
3.721629909705370665e-04
2.264114737045019865e-04
3.806794702541083097e-04
3.477944701444357634e-04
3.787298337556421757e-04
3.224897081963717937e-04
3.364978474564850330e-04
3.953516134060919285e-04
3.462075255811214447e-04
3.408562624827027321e-04
3.360268601682037115e-04
3.320987452752888203e-04
3.325192374177277088e-04
4.027541726827621460e-04
2.872947370633482933e-04
3.324131830595433712e-04
3.546504012774676085e-04
3.282442630734294653e-04
3.454830730333924294e-04
3.665426047518849373e-04
3.911706153303384781e-04
3.146960225421935320e-04
4.027118848171085119e-04
2.847335417754948139e-04
3.611696301959455013e-04
3.682188980747014284e-04
3.673391765914857388e-04
3.595028538256883621e-04
2.939465339295566082e-04
3.427678020671010017e-04
3.807920147664844990e-04
3.466763882897794247e-04
3.550858818925917149e-04
3.897975839208811522e-04
2.937682438641786575e-04
3.251419984735548496e-04
3.163020883221179247e-04
3.180073981638997793e-04
2.837729989551007748e-04
3.516521828714758158e-04
3.617952461354434490e-04
3.729288873728364706e-04
3.724904963746666908e-04
4.048420523758977652e-04
3.869010251946747303e-04
3.704357368405908346e-04
3.826965403277426958e-04
4.028368566650897264e-04
4.258735571056604385e-04
3.593766305129975080e-04
3.981823974754661322e-04
3.594092559069395065e-04
3.438934509176760912e-04
3.642378142103552818e-04
3.563330683391541243e-04
4.262997244950383902e-04
3.904124896507710218e-04
3.555653966031968594e-04
4.019610059913247824e-04
2.944490697700530291e-04
4.045820969622582197e-04
3.650237340480089188e-04
2.145059843314811587e-04
4.200216499157249928e-04
3.175435704179108143e-04
3.102709597442299128e-04
3.504464111756533384e-04
3.281227545812726021e-04
3.664415562525391579e-04
3.768009191844612360e-04
3.503742045722901821e-04
3.797345270868390799e-04
3.594948793761432171e-04
3.387507167644798756e-04
3.008557250723242760e-04
3.917418653145432472e-04
2.720805641729384661e-04
4.346010682638734579e-04
3.850423090625554323e-04
3.233221068512648344e-04
2.926152665168046951e-04
2.730479463934898376e-04
3.307869774289429188e-04
3.138430474791675806e-04
3.406107134651392698e-04
3.149458498228341341e-04
2.783345407806336880e-04
3.608524566516280174e-04
3.330339677631855011e-04
3.620360221248120070e-04
3.822855942416936159e-04
2.860338136088103056e-04
3.369038167875260115e-04
3.148729447275400162e-04
2.609599032439291477e-04
4.356820136308670044e-04
1.702551962807774544e-04
3.745083813555538654e-04
3.448656934779137373e-04
3.702087560668587685e-04
3.355205117259174585e-04
3.176774189341813326e-04
3.479766019154340029e-04
3.408726188354194164e-04
3.395341627765446901e-04
3.870188083965331316e-04
3.260934608988463879e-04
3.732881741598248482e-04
3.926661738660186529e-04
3.767259186133742332e-04
3.006962069775909185e-04
4.015192971564829350e-04
3.411944198887795210e-04
3.173624863848090172e-04
3.148237592540681362e-04
3.791957860812544823e-04
3.274897171650081873e-04
2.657029835972934961e-04
2.788047422654926777e-04
3.506272332742810249e-04
4.183806013315916061e-04
3.198209160473197699e-04
3.299460804555565119e-04
3.721119137480854988e-04
3.219064965378493071e-04
4.091738956049084663e-04
3.693734761327505112e-04
3.468261274974793196e-04
3.535798459779471159e-04
2.991165674757212400e-04
3.479949082247912884e-04
4.051594587508589029e-04
3.776889643631875515e-04
3.972371341660618782e-04
3.475281118880957365e-04
3.653118619695305824e-04
3.632823936641216278e-04
2.639491867739707232e-04
3.914333938155323267e-04
4.029432020615786314e-04
3.842329897452145815e-04
3.714731137733906507e-04
3.569533582776784897e-04
3.446357150096446276e-04
3.872977395076304674e-04
3.704793052747845650e-04
3.989752149209380150e-04
4.101273079868406057e-04
2.987583575304597616e-04
3.258478827774524689e-04
3.273259790148586035e-04
3.425599425099790096e-04
4.208573664072901011e-04
3.434872487559914589e-04
2.810942532960325480e-04
3.707837022375315428e-04
3.887968196067959070e-04
3.322103875689208508e-04
3.436461265664547682e-04
3.003504534717649221e-04
3.623426891863346100e-04
3.721971006598323584e-04
3.500042948871850967e-04
3.233338065911084414e-04
3.211399307474493980e-04
3.545647487044334412e-04
2.829175209626555443e-04
3.344606666360050440e-04
3.118889580946415663e-04
3.565372317098081112e-04
3.274567134212702513e-04
2.984700549859553576e-04
1.785732165444642305e-04
3.290251770522445440e-04
3.283238038420677185e-04
3.904001787304878235e-04
3.465238842181861401e-04
3.220057697035372257e-04
3.886485064867883921e-04
4.007437673863023520e-04
3.914101689588278532e-04
3.606949467211961746e-04
2.817671629600226879e-04
3.281042445451021194e-04
2.944773586932569742e-04
3.047488862648606300e-04
3.489308583084493876e-04
3.160115447826683521e-04
3.590944688767194748e-04
2.959040284622460604e-04
3.294965135864913464e-04
3.532007976900786161e-04
3.532065602485090494e-04
3.640496579464524984e-04
3.293806221336126328e-04
3.180237836204469204e-04
3.300613025203347206e-04
3.924844495486468077e-04
3.374546067789196968e-04
3.736733342520892620e-04
3.498567093629390001e-04
3.180852800142019987e-04
3.194463497493416071e-04
3.574616857804358006e-04
3.821583522949367762e-04
3.295539063401520252e-04
3.839907585643231869e-04
3.457282437011599541e-04
3.187552210874855518e-04
2.968370099551975727e-04
3.239996149204671383e-04
3.247201966587454081e-04
3.275500203017145395e-04
2.802234084811061621e-04
3.612572327256202698e-04
3.673911269288510084e-04
3.749764291569590569e-04
3.721636021509766579e-04
3.382183786015957594e-04
3.680229128804057837e-04
3.166048845741897821e-04
3.909294318873435259e-04
3.913685795851051807e-04
3.139008185826241970e-04
3.373580984771251678e-04
3.391156787984073162e-04
3.628011618275195360e-04
3.513166448101401329e-04
3.253532340750098228e-04
3.802087740041315556e-04
3.058346046600490808e-04
3.114484716206789017e-04
3.695280756801366806e-04
3.121029585599899292e-04
3.500358725432306528e-04
3.624316304922103882e-04
2.831646124832332134e-04
3.809415211435407400e-04
3.446826594881713390e-04
3.515118442010134459e-04
2.978836419060826302e-04
3.994455910287797451e-04
3.016419941559433937e-04
3.008512721862643957e-04
2.837721840478479862e-04
2.486335579305887222e-04
3.295263741165399551e-04
3.762410779017955065e-04
2.801938680931925774e-04
3.220544604118913412e-04
3.590393753256648779e-04
3.239681827835738659e-04
4.089753783773630857e-04
4.167259321548044682e-04
3.058904840145260096e-04
3.045863995794206858e-04
3.863101010210812092e-04
3.374656662344932556e-04
3.391974023543298244e-04
3.587430110201239586e-04
3.436866099946200848e-04
3.555146395228803158e-04
3.037207934539765120e-04
3.279579686932265759e-04
4.114368930459022522e-04
2.773438754957169294e-04
4.402750055305659771e-04
3.023851313628256321e-04
3.795828088186681271e-04
3.647984995041042566e-04
3.523067571222782135e-04
3.393805236555635929e-04
3.556966257747262716e-04
3.796849632635712624e-04
3.867260238621383905e-04
2.897395461332052946e-04
3.535285650286823511e-04
3.906236088369041681e-04
3.600195341277867556e-04
3.891564847435802221e-04
3.570419794414192438e-04
3.844113671220839024e-04
3.695078194141387939e-04
3.541236510500311852e-04
3.742852131836116314e-04
3.263155231252312660e-04
2.781717630568891764e-04
3.587158571463078260e-04
3.383588336873799562e-04
3.270189918112009764e-04
3.532477421686053276e-04
2.888462622649967670e-04
4.119644581805914640e-04
3.253898757975548506e-04
3.333477361593395472e-04
3.204650420229882002e-04
3.745862341020256281e-04
3.317779628559947014e-04
3.482794563751667738e-04
3.271128807682543993e-04
3.712853649631142616e-04
3.827596665360033512e-04
2.699206524994224310e-04
3.693374164868146181e-04
3.775281365960836411e-04
3.886219346895813942e-04
3.735606733243912458e-04
2.932033385150134563e-04
3.282922843936830759e-04
3.910009399987757206e-04
3.643366217147558928e-04
3.167339600622653961e-04
3.296905779279768467e-04
3.341137780807912350e-04
3.661408554762601852e-04
2.945282903965562582e-04
2.828561991918832064e-04
3.935996501240879297e-04
2.677266602404415607e-04
2.650083624757826328e-04
3.363366704434156418e-04
4.115037154406309128e-04
3.762597625609487295e-04
3.564841463230550289e-04
3.117454762104898691e-04
3.756567602977156639e-04
2.833510516211390495e-04
3.855796530842781067e-04
3.828942426480352879e-04
3.782102721743285656e-04
3.814915253315120935e-04
3.285333514213562012e-04
3.432545636314898729e-04
3.051891108043491840e-04
3.450336225796490908e-04
3.800073463935405016e-04
4.032390133943408728e-04
2.881596155930310488e-04
3.895440313499420881e-04
4.106482083443552256e-04
3.867521008942276239e-04
3.084384952671825886e-04
3.684330731630325317e-04
4.163554694969207048e-04
3.561853663995862007e-04
4.044621600769460201e-04
3.833405789919197559e-04
3.367538156453520060e-04
3.272737667430192232e-04
2.902468841057270765e-04
3.861027944367378950e-04
3.629613202065229416e-04
3.832564980257302523e-04
4.232067440170794725e-04
3.573422436602413654e-04
3.743630659300833941e-04
3.858214186038821936e-04
3.836178220808506012e-04
3.134424041491001844e-04
2.767082769423723221e-04
3.602831857278943062e-04
3.301252727396786213e-04
3.155592421535402536e-04
2.661414619069546461e-04
3.494976845104247332e-04
3.372629580553621054e-04
3.797220124397426844e-04
4.186113656032830477e-04
3.702616959344595671e-04
3.710745368152856827e-04
3.505651839077472687e-04
3.523124905768781900e-04
3.204074455425143242e-04
3.416078980080783367e-04
3.514001728035509586e-04
3.965452779084444046e-04
3.891134692821651697e-04
4.033730947412550449e-04
3.298509400337934494e-04
3.849526983685791492e-04
3.578462055884301662e-04
3.360394039191305637e-04
3.567448002286255360e-04
3.599053889047354460e-04
3.281627432443201542e-04
3.909460210707038641e-04
3.618313348852097988e-04
3.439897554926574230e-04
3.758375823963433504e-04
3.658881760202348232e-04
3.704274131450802088e-04
2.653333940543234348e-04
3.841815341729670763e-04
3.717473300639539957e-04
3.634999447967857122e-04
3.341424744576215744e-04
3.343160788062959909e-04
3.635817265603691339e-04
3.905141784343868494e-04
3.923406475223600864e-04
3.646924742497503757e-04
3.414271341171115637e-04
3.043529286514967680e-04
3.377576358616352081e-04
3.703340771608054638e-04
2.823530521709471941e-04
4.063005908392369747e-04
2.987544285133481026e-04
2.667205990292131901e-04
3.043708857148885727e-04
4.373995179776102304e-04
3.209078859072178602e-04
3.819071571342647076e-04
2.492227067705243826e-04
3.933982807211577892e-04
3.450129297561943531e-04
3.192726871930062771e-04
3.691377933137118816e-04
3.854816022794693708e-04
3.708261065185070038e-04
3.635492757894098759e-04
3.789171169046312571e-04
3.091317776124924421e-04
3.259592922404408455e-04
3.402321890462189913e-04
3.898406575899571180e-04
3.971975529566407204e-04
3.677250642795115709e-04
3.402567526791244745e-04
3.026810882147401571e-04
3.769191098399460316e-04
3.691098536364734173e-04
3.717374929692596197e-04
3.212240990251302719e-04
3.794019285123795271e-04
3.401179274078458548e-04
3.585110534913837910e-04
3.745625435840338469e-04
2.886408183258026838e-04
3.409072523936629295e-04
4.629670002032071352e-04
3.271506284363567829e-04
3.689636941999197006e-04
3.104505885858088732e-04
3.048800281248986721e-04
3.676234628073871136e-04
2.639898448251187801e-04
3.081703616771847010e-04
3.118846798315644264e-04
2.959929697681218386e-04
3.923953918274492025e-04
3.349802573211491108e-04
3.127488016616553068e-04
3.855132381431758404e-04
3.768288588616997004e-04
4.047889669891446829e-04
3.393316001165658236e-04
3.562065830919891596e-04
3.661226946860551834e-04
3.561568446457386017e-04
4.765880294144153595e-04
3.263757680542767048e-04
3.671371086966246367e-04
2.865111455321311951e-04
3.651840379461646080e-04
3.845650353468954563e-04
3.375250962562859058e-04
4.131736932322382927e-04
3.784192958846688271e-04
3.378133114892989397e-04
3.611641295719891787e-04
3.752217744477093220e-04
3.750163887161761522e-04
3.605920937843620777e-04
3.989194810856133699e-04
2.584679459687322378e-04
4.029081319458782673e-04
3.666980483103543520e-04
3.324255521874874830e-04
2.108140033669769764e-04
2.649132511578500271e-04
3.659363137558102608e-04
2.547054027672857046e-04
3.651753359008580446e-04
3.361708077136427164e-04
3.672730526886880398e-04
3.302565019112080336e-04
3.799501573666930199e-04
3.215365286450833082e-04
3.706217394210398197e-04
3.154644800815731287e-04
3.515901044011116028e-04
4.221663693897426128e-04
3.295385104138404131e-04
3.579671029001474380e-04
3.807538305409252644e-04
3.588692925404757261e-04
3.865620528813451529e-04
3.277798532508313656e-04
4.306322662159800529e-04
3.189610433764755726e-04
3.777717065531760454e-04
3.112329286523163319e-04
4.642654675990343094e-04
3.182154323440045118e-04
3.304391575511544943e-04
3.904605691786855459e-04
3.767354646697640419e-04
4.061975341755896807e-04
3.453266399446874857e-04
3.690079611260443926e-04
3.218815836589783430e-04
3.586919920053333044e-04
3.452025121077895164e-04
3.707834694068878889e-04
3.265276318415999413e-04
5.045066354796290398e-04
2.265797811560332775e-04
3.254484618082642555e-04
3.606151731219142675e-04
3.776600060518831015e-04
3.428542113397270441e-04
3.360075352247804403e-04
3.501269093248993158e-04
3.623550874181091785e-04
2.749340492300689220e-04
3.582087811082601547e-04
3.712511679623275995e-04
3.342026902828365564e-04
3.225500986445695162e-04
3.421874425839632750e-04
4.229542973916977644e-04
3.864421450998634100e-04
3.714012564159929752e-04
3.351196064613759518e-04
3.808349138125777245e-04
3.447761118877679110e-04
3.484413318801671267e-04
3.719718952197581530e-04
3.115958243142813444e-04
3.632631269283592701e-04
3.914405242539942265e-04
4.354849515948444605e-04
3.700446977745741606e-04
3.074721025768667459e-04
3.281423123553395271e-04
3.500076709315180779e-04
3.652898885775357485e-04
3.811134374700486660e-04
3.549907996784895658e-04
4.137470968998968601e-04
3.748413582798093557e-04
3.123367496300488710e-04
3.524240164551883936e-04
3.696476924233138561e-04
3.129535762127488852e-04
2.922111889347434044e-04
3.346377343405038118e-04
3.134984872303903103e-04
3.309961757622659206e-04
3.763700660783797503e-04
4.012021818198263645e-04
3.366767778061330318e-04
4.071195726282894611e-04
2.675079158507287502e-04
2.936226956080645323e-04
3.292629262432456017e-04
3.488214279059320688e-04
3.909511724486947060e-04
3.374587686266750097e-04
3.468322393018752337e-04
2.840341476257890463e-04
3.567615640349686146e-04
2.984173188451677561e-04
3.246819542255252600e-04
3.273093898314982653e-04
3.358932735864073038e-04
2.891494077630341053e-04
2.958138065878301859e-04
3.438584681134670973e-04
3.526646760292351246e-04
3.198644262738525867e-04
3.133817226625978947e-04
3.593268629629164934e-04
3.876122937072068453e-04
5.199930164963006973e-04
3.595675516407936811e-04
3.809497866313904524e-04
2.724778605625033379e-04
3.254679031670093536e-04
3.485990164335817099e-04
3.575617447495460510e-04
3.685684932861477137e-04
3.971740370616316795e-04
3.834409872069954872e-04
3.068512014579027891e-04
1.991261087823659182e-04
2.984146412927657366e-04
3.793953510466963053e-04
3.663802926894277334e-04
3.660911461338400841e-04
3.586540697142481804e-04
3.558484022505581379e-04
4.040451021865010262e-04
3.653154708445072174e-04
3.938096051570028067e-04
3.323439741507172585e-04
3.765761503018438816e-04
3.569317050278186798e-04
3.579057229217141867e-04
2.235995780210942030e-04
3.883927420247346163e-04
3.557311138138175011e-04
3.809242334682494402e-04
3.399282286409288645e-04
3.712507605087012053e-04
3.701427485793828964e-04
3.884200414177030325e-04
3.425089234951883554e-04
3.624485689215362072e-04
3.442271263338625431e-04
3.617047041188925505e-04
3.546423977240920067e-04
3.495746350381523371e-04
3.672968014143407345e-04
3.924428892787545919e-04
4.009396652691066265e-04
3.616203612182289362e-04
3.689669247251003981e-04
3.501888422761112452e-04
3.316517104394733906e-04
4.340620944276452065e-04
3.400167333893477917e-04
4.182980628684163094e-04
3.129449323751032352e-04
3.491868264973163605e-04
2.755557652562856674e-04
3.550979017745703459e-04
4.179383977316319942e-04
3.509901289362460375e-04
4.002473724540323019e-04
3.597038739826530218e-04
3.794246003963053226e-04
3.450404037721455097e-04
3.426750190556049347e-04
4.164389392826706171e-04
3.472705720923841000e-04
3.445625770837068558e-04
3.406115283723920584e-04
3.101056208834052086e-04
3.853747621178627014e-04
2.285302180098369718e-04
4.212059720885008574e-04
4.102317034266889095e-04
3.885699552483856678e-04
3.307267324998974800e-04
3.747266309801489115e-04
3.670139412861317396e-04
3.825868770945817232e-04
3.554637369234114885e-04
4.002252826467156410e-04
2.846618881449103355e-04
3.293824847787618637e-04
3.362020652275532484e-04
3.800486738327890635e-04
2.752249420154839754e-04
3.820369020104408264e-04
3.549240063875913620e-04
3.457853454165160656e-04
3.039053408429026604e-04
3.518095763865858316e-04
3.415386017877608538e-04
3.916730347555130720e-04
3.143462818115949631e-04
3.518126904964447021e-04
2.815841289702802896e-04
3.673163591884076595e-04
4.026758542750030756e-04
3.756310034077614546e-04
3.052913525607436895e-04
3.834953822661191225e-04
3.699110529851168394e-04
3.530245739966630936e-04
3.441958688199520111e-04
3.593561414163559675e-04
3.881721931975334883e-04
3.095927822869271040e-04
3.482041065581142902e-04
3.937403671443462372e-04
3.121229237876832485e-04
3.723033005371689796e-04
3.726962313521653414e-04
2.521731366869062185e-04
3.371463390067219734e-04
3.275975177530199289e-04
3.889691433869302273e-04
3.466772031970322132e-04
3.670665610115975142e-04
3.400511341169476509e-04
3.822578582912683487e-04
3.123676578979939222e-04
2.332876174477860332e-04
3.679558867588639259e-04
3.447627241257578135e-04
3.558055905159562826e-04
3.476698766462504864e-04
3.887413768097758293e-04
3.847062180284410715e-04
3.555785806383937597e-04
3.086152137257158756e-04
3.372892097104340792e-04
3.251188027206808329e-04
3.576556046027690172e-04
3.251309390179812908e-04
3.268469590693712234e-04
3.892488020937889814e-04
3.047894279006868601e-04
3.218202036805450916e-04
4.043434164486825466e-04
3.068894147872924805e-04
3.200756327714771032e-04
3.876333357766270638e-04
3.849161148536950350e-04
3.645187243819236755e-04
3.599121700972318649e-04
3.353444917593151331e-04
2.920630795415490866e-04
3.249572764616459608e-04
3.681071975734084845e-04
3.883495228365063667e-04
3.998586325906217098e-04
3.522218612488359213e-04
3.559787583071738482e-04
3.558664175216108561e-04
2.925125882029533386e-04
3.405261668376624584e-04
3.821271238848567009e-04
3.592994762584567070e-04
3.684583061840385199e-04
3.082300245296210051e-04
3.691262681968510151e-04
3.446804475970566273e-04
3.899493021890521049e-04
3.082538314629346132e-04
3.941138857044279575e-04
2.824801485985517502e-04
3.541900368873029947e-04
3.006098268087953329e-04
3.232191957067698240e-04
3.645824326667934656e-04
3.392253129277378321e-04
3.882787714246660471e-04
3.947757941205054522e-04
3.324666467960923910e-04
3.100910398643463850e-04
3.917693684343248606e-04
3.659488575067371130e-04
4.312906530685722828e-04
3.889806685037910938e-04
3.505426284391433001e-04
3.122206544503569603e-04
3.570913686417043209e-04
2.017326623899862170e-04
3.271441964898258448e-04
3.693776961881667376e-04
3.318201052024960518e-04
3.530422109179198742e-04
3.669194120448082685e-04
3.496395074762403965e-04
3.888797655235975981e-04
3.559098404366523027e-04
3.207841364201158285e-04
3.016417904291301966e-04
3.473535180091857910e-04
3.538008022587746382e-04
4.070105205755680799e-04
3.206206893082708120e-04
3.550922556314617395e-04
4.003853246103972197e-04
3.173166478518396616e-04
3.832499787677079439e-04
3.167891991324722767e-04
4.020442720502614975e-04
3.354916698299348354e-04
3.485973575152456760e-04
3.066795179620385170e-04
3.481630992610007524e-04
3.776336670853197575e-04
3.329571918584406376e-04
3.868457570206373930e-04
4.055896424688398838e-04
3.773709759116172791e-04
2.722001518122851849e-04
3.886614285875111818e-04
3.744069836102426052e-04
3.135514562018215656e-04
4.564150585792958736e-04
3.886286285705864429e-04
3.527769586071372032e-04
3.556697047315537930e-04
3.898650465998798609e-04
2.807543787639588118e-04
4.286101611796766520e-04
3.855956601910293102e-04
3.337935777381062508e-04
3.787489549722522497e-04
3.801822022069245577e-04
2.685989020392298698e-04
3.777908568736165762e-04
4.563351394608616829e-04
2.719928161241114140e-04
3.258759970776736736e-04
3.263101389165967703e-04
4.049740091431885958e-04
3.714179911185055971e-04
3.095759893767535686e-04
3.589407424442470074e-04
3.464760666247457266e-04
3.376540553290396929e-04
3.443905443418771029e-04
3.558180469553917646e-04
3.874158137477934361e-04
4.479516355786472559e-04
3.028250066563487053e-04
3.356100060045719147e-04
3.939548041671514511e-04
2.523632138036191463e-04
3.453971294220536947e-04
3.679678484331816435e-04
3.592411521822214127e-04
3.834413946606218815e-04
3.374562948010861874e-04
3.924746124539524317e-04
4.250762867741286755e-04
3.011617518495768309e-04
3.078237350564450026e-04
3.756131336558610201e-04
3.471655072644352913e-04
3.546356456354260445e-04
4.150481545366346836e-04
3.736878570634871721e-04
5.124884773977100849e-04
3.175827732775360346e-04
3.686717827804386616e-04
3.253824834246188402e-04
3.177651378791779280e-04
3.815329982899129391e-04
4.071547591593116522e-04
3.800335689447820187e-04
3.853371017612516880e-04
3.560222394298762083e-04
3.444057365413755178e-04
3.572101704776287079e-04
4.015029116999357939e-04
3.504768537823110819e-04
4.105728585273027420e-04
2.420025703031569719e-04
3.345521981827914715e-04
3.483668260741978884e-04
3.507181536406278610e-04
3.784685395658016205e-04
3.421713190618902445e-04
3.472603275440633297e-04
3.799146215897053480e-04
3.482464526314288378e-04
3.672064340207725763e-04
4.151249013375490904e-04
3.260810044594109058e-04
3.557947638910263777e-04
3.584783698897808790e-04
3.840743156615644693e-04
3.001714067067950964e-04
3.452468372415751219e-04
4.187113081570714712e-04
3.997278981842100620e-04
3.966598596889525652e-04
3.112234408035874367e-04
3.819098346866667271e-04
3.711423778440803289e-04
2.974222006741911173e-04
3.085100033786147833e-04
3.489950322546064854e-04
4.124313127249479294e-04
2.255617728224024177e-04
3.937084984499961138e-04
2.960548445116728544e-04
3.522634215187281370e-04
3.297882503829896450e-04
3.942711337003856897e-04
3.144296060781925917e-04
4.211058840155601501e-04
3.789320471696555614e-04
4.373489355202764273e-04
3.829142951872199774e-04
3.149592084810137749e-04
2.963574370369315147e-04
3.613021108321845531e-04
3.865732287522405386e-04
3.735188511200249195e-04
3.458206192590296268e-04
3.913958207704126835e-04
3.072971012443304062e-04
3.868535568471997976e-04
4.006360541097819805e-04
3.353919018991291523e-04
3.865610924549400806e-04
3.571649431250989437e-04
3.881107841152697802e-04
3.320504038129001856e-04
3.744792775250971317e-04
3.076827561017125845e-04
3.319834650028496981e-04
4.183081327937543392e-04
3.328132152091711760e-04
4.114425100851804018e-04
3.260947996750473976e-04
3.897002607118338346e-04
3.797528916038572788e-04
2.855994971469044685e-04
3.688961151055991650e-04
2.810298465192317963e-04
3.349232138134539127e-04
4.495588946156203747e-04
3.964397765230387449e-04
3.806827880907803774e-04
3.160477208439260721e-04
3.854229871649295092e-04
3.612407017499208450e-04
3.476174315437674522e-04
2.545443130657076836e-04
3.981262270826846361e-04
3.411296056583523750e-04
4.021635104436427355e-04
4.030709096696227789e-04
3.055344859603792429e-04
4.024155496153980494e-04
3.592328866943717003e-04
3.306910512037575245e-04
3.992441634181886911e-04
3.655782784335315228e-04
3.840480640064924955e-04
3.287139988970011473e-04
3.156422753818333149e-04
3.897191199939697981e-04
3.024673205800354481e-04
3.494201519060879946e-04
3.029846120625734329e-04
3.958018205594271421e-04
3.238351491745561361e-04
4.207158635836094618e-04
3.110913385171443224e-04
3.876191040035337210e-04
2.431735774734988809e-04
2.398983924649655819e-04
3.342987329233437777e-04
3.522527113091200590e-04
2.930709742940962315e-04
3.211054136045277119e-04
3.544513601809740067e-04
3.649680584203451872e-04
3.927740035578608513e-04
3.478636499494314194e-04
2.779194328468292952e-04
3.156318271066993475e-04
3.786926099564880133e-04
3.286103892605751753e-04
4.132619942538440228e-04
3.255788760725408792e-04
3.906312631443142891e-04
3.201751969754695892e-04
3.724061243701726198e-04
3.239425714127719402e-04
4.236125678289681673e-04
3.435857652220875025e-04
4.023066139779984951e-04
3.597259055823087692e-04
4.245956952217966318e-04
3.819392877630889416e-04
3.928190562874078751e-04
3.339122340548783541e-04
3.192263538949191570e-04
2.558996493462473154e-04
3.547610249370336533e-04
4.038144543301314116e-04
2.711088454816490412e-04
3.373832732904702425e-04
3.459291765466332436e-04
3.685381670948117971e-04
3.425615141168236732e-04
3.663846582639962435e-04
3.864504396915435791e-04
2.863409754354506731e-04
3.531708207447081804e-04
3.261247184127569199e-04
3.392286598682403564e-04
3.240763617213815451e-04
3.253172617405653000e-04
3.578202740754932165e-04
3.809623012784868479e-04
3.584821242839097977e-04
3.957675653509795666e-04
3.536549338605254889e-04
2.756718313321471214e-04
2.917165402323007584e-04
3.551186528056859970e-04
3.552662092261016369e-04
3.321837284602224827e-04
3.374006482772529125e-04
3.166134411003440619e-04
3.993233549408614635e-04
3.816173702944070101e-04
4.021858912892639637e-04
3.078456502407789230e-04
3.721842658706009388e-04
3.268835716880857944e-04
3.568442480172961950e-04
3.850302600767463446e-04
4.002822970505803823e-04
3.479542792774736881e-04
3.922352043446153402e-04
3.467679780442267656e-04
3.282362304162234068e-04
3.521926410030573606e-04
3.290489839855581522e-04
3.191065625287592411e-04
4.062906955368816853e-04
4.019098123535513878e-04
3.452356613706797361e-04
3.780237457249313593e-04
3.707637079060077667e-04
3.918725415132939816e-04
3.691253368742763996e-04
3.614909946918487549e-04
3.761384577956050634e-04
3.413190424907952547e-04
3.319866955280303955e-04
4.289762291591614485e-04
3.730138414539396763e-04
2.346306864637881517e-04
3.084235358983278275e-04
3.582341887522488832e-04
3.388441400602459908e-04
3.662158851511776447e-04
3.169390838593244553e-04
4.885450471192598343e-04
3.306104626972228289e-04
3.203612286597490311e-04
3.260317025706171989e-04
3.421360452193766832e-04
2.926925371866673231e-04
2.372991293668746948e-04
3.880056028719991446e-04
3.745178983081132174e-04
3.144808288197964430e-04
3.568857209756970406e-04
3.024665056727826595e-04
3.417828411329537630e-04
3.584643418435007334e-04
3.584117803256958723e-04
3.154913429170846939e-04
3.445581533014774323e-04
3.753124619834125042e-04
3.821199934463948011e-04
3.125736257061362267e-04
3.223506791982799768e-04
3.358647227287292480e-04
3.763064160011708736e-04
3.556060255505144596e-04
3.413749800529330969e-04
3.275657654739916325e-04
3.464762994553893805e-04
3.671362064778804779e-04
3.356029046699404716e-04
3.617617476265877485e-04
3.307129372842609882e-04
4.132844915147870779e-04
3.287728759460151196e-04
3.474086697679013014e-04
3.081687027588486671e-04
2.962574944831430912e-04
3.634337917901575565e-04
4.165696154814213514e-04
3.607291146181523800e-04
2.503598807379603386e-04
3.080012393184006214e-04
3.140566404908895493e-04
3.365730517543852329e-04
3.254904586356133223e-04
4.263264127075672150e-04
3.923274052795022726e-04
3.513075644150376320e-04
3.840429417323321104e-04
3.694122133310884237e-04
3.710482851602137089e-04
4.168216255493462086e-04
3.566394152585417032e-04
3.487438079901039600e-04
3.791443887166678905e-04
3.758273960556834936e-04
4.050856514368206263e-04
2.789373684208840132e-04
3.938150766771286726e-04
3.327899321448057890e-04
3.559503238648176193e-04
3.978786699008196592e-04
3.294533235020935535e-04
3.846703621093183756e-04
3.374947991687804461e-04
3.351064806338399649e-04
2.989821659866720438e-04
3.496468707453459501e-04
3.248303837608546019e-04
4.031810094602406025e-04
3.830243949778378010e-04
3.670844889711588621e-04
3.401329449843615294e-04
3.284726408310234547e-04
3.542125341482460499e-04
4.121842503082007170e-04
3.610778658185154200e-04
3.267063584644347429e-04
3.606285317800939083e-04
2.854480117093771696e-04
3.502052859403192997e-04
3.678306820802390575e-04
3.429227508604526520e-04
3.693725157063454390e-04
3.089905367232859135e-04
3.582359349820762873e-04
2.593489771243184805e-04
3.870148793794214725e-04
5.076787201687693596e-04
3.487370267976075411e-04
3.803971630986779928e-04
3.190502175129950047e-04
3.035649424418807030e-04
3.886637859977781773e-04
3.785133594647049904e-04
2.908077149186283350e-04
3.632474690675735474e-04
4.272969963494688272e-04
3.687036223709583282e-04
2.811216691043227911e-04
3.580703050829470158e-04
3.687756543513387442e-04
3.311784530524164438e-04
2.370043366681784391e-04
4.089362337253987789e-04
3.899218572769314051e-04
3.340870025567710400e-04
3.545586951076984406e-04
3.486442437861114740e-04
3.083430055994540453e-04
3.225981199648231268e-04
2.977198455482721329e-04
3.906411875505000353e-04
3.648205893114209175e-04
3.126778756268322468e-04
3.996512969024479389e-04
2.836767525877803564e-04
3.720207314472645521e-04
3.468038630671799183e-04
3.851332294289022684e-04
2.838933432940393686e-04
3.731400647666305304e-04
3.283683618064969778e-04
3.181397914886474609e-04
3.246258129365742207e-04
3.510618698783218861e-04
3.260259400121867657e-04
3.391350619494915009e-04
3.236474294681102037e-04
3.778989484999328852e-04
3.414036764297634363e-04
3.760968684218823910e-04
3.736702783498913050e-04
3.904932236764580011e-04
3.615360474213957787e-04
3.940621390938758850e-04
3.346866287756711245e-04
3.197969053871929646e-04
3.319653624203056097e-04
3.370491613168269396e-04
3.556378942448645830e-04
3.185929963365197182e-04
3.893796820193529129e-04
3.270982706453651190e-04
3.415817918721586466e-04
2.934071526397019625e-04
3.554602444637566805e-04
3.326306468807160854e-04
2.669428649824112654e-04
3.827843465842306614e-04
3.575756563805043697e-04
2.140100259566679597e-04
3.543502534739673138e-04
2.507444587536156178e-04
3.288399602752178907e-04
2.796863554976880550e-04
3.249093424528837204e-04
3.372284991201013327e-04
3.539176832418888807e-04
3.497513243928551674e-04
3.511183022055774927e-04
3.422377922106534243e-04
3.380271955393254757e-04
3.738933592103421688e-04
3.649122081696987152e-04
3.502141626086086035e-04
3.879761206917464733e-04
3.707077994477003813e-04
3.769382019527256489e-04
3.338811220601201057e-04
3.638870548456907272e-04
3.559241886250674725e-04
3.830663335975259542e-04
4.009312251582741737e-04
3.705043054651468992e-04
4.142385150771588087e-04
2.557174593675881624e-04
3.534242277964949608e-04
3.514730487950146198e-04
3.346212615724653006e-04
3.991483827121555805e-04
3.419338318053632975e-04
3.923334588762372732e-04
1.827074302127584815e-04
3.295954375062137842e-04
3.067051875405013561e-04
4.342765314504504204e-04
2.191367530031129718e-04
3.181658394169062376e-04
3.315248759463429451e-04
3.974815481342375278e-04
3.223671519663184881e-04
4.734717367682605982e-04
3.570096450857818127e-04
2.955787058454006910e-04
3.430008364375680685e-04
3.436310798861086369e-04
3.336607769597321749e-04
3.930890234187245369e-04
3.554830618668347597e-04
4.036391619592905045e-04
3.381663700565695763e-04
3.824586747214198112e-04
3.076835710089653730e-04
3.330233157612383366e-04
2.235995780210942030e-04
3.594562876969575882e-04
2.317068574484437704e-04
3.224233805667608976e-04
4.252561484463512897e-04
3.660889051388949156e-04
3.657451306935399771e-04
3.600108320824801922e-04
3.396687097847461700e-04
3.556256706360727549e-04
3.827694163192063570e-04
3.396318061277270317e-04
3.295170899946242571e-04
3.552731650415807962e-04
2.943836734630167484e-04
2.749420818872749805e-04
3.474825643934309483e-04
3.570559201762080193e-04
3.653027524705976248e-04
3.838846168946474791e-04
3.710506425704807043e-04
3.890799416694790125e-04
4.322013119235634804e-04
3.465551126282662153e-04
3.043321194127202034e-04
3.874885733239352703e-04
3.336039080750197172e-04
3.215458127669990063e-04
3.503867483232170343e-04
3.586628299672156572e-04
3.506091888993978500e-04
4.011874843854457140e-04
4.616561927832663059e-04
4.084768588654696941e-04
4.018668842036277056e-04
3.359789552632719278e-04
2.992911613546311855e-04
3.781431587412953377e-04
3.105806536041200161e-04
3.258254146203398705e-04
3.272130561526864767e-04
3.466256021056324244e-04
3.298532392363995314e-04
3.028623759746551514e-04
3.189823473803699017e-04
3.015796246472746134e-04
3.566719824448227882e-04
3.339803661219775677e-04
3.855402756016701460e-04
3.509581147227436304e-04
3.522471233736723661e-04
3.606943355407565832e-04
3.473246761132031679e-04
3.536652657203376293e-04
3.736458602361381054e-04
3.832990187220275402e-04
3.611424181144684553e-04
3.631417639553546906e-04
3.527177323121577501e-04
3.188674454577267170e-04
3.854919923469424248e-04
4.017777391709387302e-04
3.164580557495355606e-04
3.790994524024426937e-04
3.188808332197368145e-04
3.296180220786482096e-04
3.435498219914734364e-04
3.394222876522690058e-04
3.359481634106487036e-04
3.155203303322196007e-04
3.414827515371143818e-04
3.827496548183262348e-04
3.258993092458695173e-04
3.472444368526339531e-04
3.705532581079751253e-04
4.057193582411855459e-04
3.917560097761452198e-04
3.137532039545476437e-04
3.933611733373254538e-04
3.295422066003084183e-04
3.220556827727705240e-04
3.722929395735263824e-04
2.997169212903827429e-04
3.457829297985881567e-04
3.800913982558995485e-04
3.183569642715156078e-04
4.086377157364040613e-04
2.672360278666019440e-04
2.882131957449018955e-04
2.626420173328369856e-04
3.379274858161807060e-04
3.416611871216446161e-04
3.051762178074568510e-04
3.579528420232236385e-04
3.565340011846274137e-04
3.597321629058569670e-04
3.925363998860120773e-04
2.985768951475620270e-04
3.576096787583082914e-04
2.952659269794821739e-04
3.536071162670850754e-04
3.704861737787723541e-04
3.412162186577916145e-04
3.676087071653455496e-04
4.132194444537162781e-04
2.944863808806985617e-04
3.355726075824350119e-04
4.128333530388772488e-04
3.510879469104111195e-04
3.724249254446476698e-04
3.554344293661415577e-04
3.623764787334948778e-04
3.741515392903238535e-04
3.429534262977540493e-04
3.559016040526330471e-04
3.573258873075246811e-04
4.007924580946564674e-04
3.941187751479446888e-04
3.646404948085546494e-04
3.932207764592021704e-04
3.511322429403662682e-04
3.152886347379535437e-04
3.492608957458287477e-04
3.409766068216413260e-04
3.277732175774872303e-04
4.096042830497026443e-04
4.025192465633153915e-04
3.996237064711749554e-04
4.219344700686633587e-04
3.535175928846001625e-04
3.801280981861054897e-04
3.054288099519908428e-04
3.965813084505498409e-04
4.851368139497935772e-04
3.870964574161916971e-04
3.615761524997651577e-04
3.227253328077495098e-04
3.254983457736670971e-04
3.991778357885777950e-04
3.800501290243119001e-04
3.873002424370497465e-04
2.742732176557183266e-04
3.051662060897797346e-04
3.607679100241512060e-04
3.716761711984872818e-04
3.530788817442953587e-04
3.573706781025975943e-04
3.053958935197442770e-04
3.400477871764451265e-04
3.643699456006288528e-04
3.333945060148835182e-04
3.076728316955268383e-04
3.921049064956605434e-04
3.164799709338694811e-04
3.444584435783326626e-04
3.729636373464018106e-04
4.472908913157880306e-04
3.244311374146491289e-04
3.382210852578282356e-04
3.612661384977400303e-04
3.718633670359849930e-04
3.387169563211500645e-04
3.727468138094991446e-04
3.648568235803395510e-04
3.530572575982660055e-04
3.460872976575046778e-04
3.268815635237842798e-04
3.259273944422602654e-04
3.209270362276583910e-04
3.505864006001502275e-04
3.510449605528265238e-04
3.848677442874759436e-04
1.776733261067420244e-04
3.716442151926457882e-04
3.908806829713284969e-04
2.704091020859777927e-04
3.184331580996513367e-04
4.078793572261929512e-04
2.824726689141243696e-04
4.022152279503643513e-04
2.824463299475610256e-04
3.814421652350574732e-04
3.522039623931050301e-04
4.114682087674736977e-04
3.461793239694088697e-04
3.231366281397640705e-04
2.781198127195239067e-04
3.212837036699056625e-04
4.122657119296491146e-04
2.918665413744747639e-04
4.468402185011655092e-04
3.146397357340902090e-04
3.538218443281948566e-04
4.155366041231900454e-04
4.117399512324482203e-04
3.499302838463336229e-04
3.789067268371582031e-04
3.818192053586244583e-04
3.956865111831575632e-04
3.079492307733744383e-04
3.955041756853461266e-04
3.962465852964669466e-04
3.232751623727381229e-04
3.177579201292246580e-04
3.137043095193803310e-04
3.456138656474649906e-04
3.376588283572345972e-04
4.081881779711693525e-04
4.013296274933964014e-04
3.866485785692930222e-04
3.165102971252053976e-04
3.838734410237520933e-04
3.204346285201609135e-04
3.238000208511948586e-04
3.471585223451256752e-04
3.246338164899498224e-04
4.356737190391868353e-04
3.580495249480009079e-04
4.078563652001321316e-04
3.548191452864557505e-04
3.308015293441712856e-04
4.085435939487069845e-04
3.496525168884545565e-04
3.472912358120083809e-04
3.049349761568009853e-04
3.809218469541519880e-04
2.959533885587006807e-04
3.130205150227993727e-04
3.825361200142651796e-04
3.254298353567719460e-04
3.514033742249011993e-04
4.246489261277019978e-04
3.545304643921554089e-04
2.810085716191679239e-04
3.774998767767101526e-04
3.584491787478327751e-04
2.828944416251033545e-04
3.232555172871798277e-04
3.779971448238939047e-04
3.804681473411619663e-04
3.653816820587962866e-04
3.136722079943865538e-04
3.600190684664994478e-04
3.669707220979034901e-04
3.804860753007233143e-04
3.451432858128100634e-04
3.432296798564493656e-04
3.264867409598082304e-04
4.064553941134363413e-04
3.436424885876476765e-04
4.157044168096035719e-04
2.948650217149406672e-04
3.890221996698528528e-04
3.658484783954918385e-04
3.531913098413497210e-04
3.725677088368684053e-04
3.094696148764342070e-04
3.923234762623906136e-04
3.201416984666138887e-04
3.536477161105722189e-04
3.940171736758202314e-04
3.735932405106723309e-04
3.588423714973032475e-04
3.228650311939418316e-04
3.906882484443485737e-04
3.493334806989878416e-04
3.830893547274172306e-04
3.639001515693962574e-04
2.042530104517936707e-04
3.756519581656903028e-04
3.343308635521680117e-04
3.420964640099555254e-04
3.875640395563095808e-04
3.352450439706444740e-04
4.094735195394605398e-04
3.414700040593743324e-04
2.907445887103676796e-04
3.995762090198695660e-04
3.893993562087416649e-04
3.894344263244420290e-04
3.744367277249693871e-04
3.249594010412693024e-04
3.237985656596720219e-04
3.521353064570575953e-04
4.035602323710918427e-04
3.691482706926763058e-04
3.910093801096081734e-04
3.521002945490181446e-04
3.459635481704026461e-04
3.650264407042413950e-04
4.208010213915258646e-04
3.059690061490982771e-04
3.914017579518258572e-04
3.155540907755494118e-04
4.219044058118015528e-04
3.869939537253230810e-04
3.726560389623045921e-04
3.471279924269765615e-04
3.602158685680478811e-04
2.114522067131474614e-04
3.656476910691708326e-04
3.452068776823580265e-04
3.266547864768654108e-04
3.495347045827656984e-04
3.915531851816922426e-04
4.193951899651437998e-04
3.458526916801929474e-04
3.332427295390516520e-04
3.600204363465309143e-04
3.091779944952577353e-04
3.192252479493618011e-04
3.886739723384380341e-04
3.737689985428005457e-04
3.408956399653106928e-04
3.284190024714916945e-04
3.816203970927745104e-04
2.861091925296932459e-04
3.779852413572371006e-04
3.187211405020207167e-04
3.125324437860399485e-04
3.783262218348681927e-04
3.618287155404686928e-04
3.784388536587357521e-04
3.892071545124053955e-04
3.753987839445471764e-04
4.000723129138350487e-04
3.766549634747207165e-04
3.852112567983567715e-04
3.300515527371317148e-04
3.860381548292934895e-04
4.560360684990882874e-04
2.842831891030073166e-04
4.075387842021882534e-04
3.251636517234146595e-04
3.649652644526213408e-04
3.854070382658392191e-04
3.263008256908506155e-04
3.299173549748957157e-04
3.557477612048387527e-04
3.379313275218009949e-04
3.858819545712321997e-04
3.883846511598676443e-04
3.677622298710048199e-04
3.616021422203630209e-04
3.418384294491261244e-04
3.764262946788221598e-04
3.581097698770463467e-04
3.535122086759656668e-04
3.618515911512076855e-04
3.048494108952581882e-04
3.087450168095529079e-04
4.173417983110994101e-04
2.969086053781211376e-04
4.110799345653504133e-04
3.613764711190015078e-04
3.018798306584358215e-04
4.138964286539703608e-04
3.895229310728609562e-04
2.962491998914629221e-04
4.094083851668983698e-04
3.606840327847748995e-04
3.160875639878213406e-04
4.060156643390655518e-04
3.471195232123136520e-04
3.385489981155842543e-04
3.041531017515808344e-04
3.693585749715566635e-04
3.685259725898504257e-04
2.900277031585574150e-04
3.284751146566122770e-04
3.038226859644055367e-04
4.062200023327022791e-04
3.624197561293840408e-04
3.720367967616766691e-04
4.022686625830829144e-04
3.190711431670933962e-04
2.877332735806703568e-04
3.368168545421212912e-04
3.857997653540223837e-04
3.632623120211064816e-04
3.092838160227984190e-04
3.404491289984434843e-04
3.218667989131063223e-04
4.072279552929103374e-04
4.441190685611218214e-04
3.330212493892759085e-04
3.518297744449228048e-04
3.254754119552671909e-04
3.204589593224227428e-04
3.721660177689045668e-04
3.649963182397186756e-04
3.565013466868549585e-04
3.769876493606716394e-04
3.843753656838089228e-04
3.203209489583969116e-04
3.450537624303251505e-04
2.481602423358708620e-04
3.429741482250392437e-04
3.594926965888589621e-04
3.371385100763291121e-04
2.916084486059844494e-04
3.734540368895977736e-04
4.158193478360772133e-04
3.791883355006575584e-04
4.645136650651693344e-04
3.515238640829920769e-04
2.643667976371943951e-04
3.363031428307294846e-04
3.261485835537314415e-04
3.740002575796097517e-04
3.714023041538894176e-04
3.776508383452892303e-04
3.760257095564156771e-04
3.753719793166965246e-04
3.406702890060842037e-04
3.787564637605100870e-04
3.411546640563756227e-04
3.633346641436219215e-04
4.189297615084797144e-04
3.504364867694675922e-04
3.935250570066273212e-04
3.335295186843723059e-04
3.603751247283071280e-04
3.660470829345285892e-04
3.765766159631311893e-04
3.807379689533263445e-04
3.939443267881870270e-04
3.268245200160890818e-04
3.288353036623448133e-04
2.525707532186061144e-04
3.257611533626914024e-04
3.877293493133038282e-04
3.960518224630504847e-04
3.642988449428230524e-04
4.055926983710378408e-04
4.060877836309373379e-04
3.672877210192382336e-04
3.339969844091683626e-04
3.549740649759769440e-04
3.403887676540762186e-04
3.696639032568782568e-04
2.992277441080659628e-04
3.321454278193414211e-04
3.273877373430877924e-04
3.820049751084297895e-04
4.074143944308161736e-04
2.759130147751420736e-04
3.485220659058541059e-04
3.921422467101365328e-04
4.092905728612095118e-04
3.675786720123142004e-04
4.201756673865020275e-04
4.105167463421821594e-04
3.216714248992502689e-04
3.247147251386195421e-04
3.435123944655060768e-04
3.945579228457063437e-04
3.826919419225305319e-04
3.819022385869175196e-04
3.282341640442609787e-04
3.138257598038762808e-04
3.543888451531529427e-04
3.453060926403850317e-04
3.198807244189083576e-04
3.672491584438830614e-04
2.944369334727525711e-04
2.374610194237902761e-04
3.272905014455318451e-04
3.610820567701011896e-04
3.855449904222041368e-04
3.406177856959402561e-04
3.294262860435992479e-04
3.945649659726768732e-04
3.593527071643620729e-04
3.350164915900677443e-04
3.560711629688739777e-04
3.689732693601399660e-04
3.857901901938021183e-04
3.448427887633442879e-04
3.169730480294674635e-04
3.435362596064805984e-04
4.100146179553121328e-04
5.980144487693905830e-04
4.126771236769855022e-04
4.153219342697411776e-04
3.511968243401497602e-04
3.887845668941736221e-04
3.453089448157697916e-04
4.164695274084806442e-04
3.578369505703449249e-04
2.473871281836181879e-04
3.428750205785036087e-04
3.658705390989780426e-04
4.202325653750449419e-04
3.638041089288890362e-04
3.898520662914961576e-04
3.171784046571701765e-04
3.348078462295234203e-04
3.452367964200675488e-04
3.063765179831534624e-04
3.910789673682302237e-04
3.068592341151088476e-04
3.442166489548981190e-04
3.042267635464668274e-04
3.555858856998383999e-04
3.864702302962541580e-04
3.301360993646085262e-04
3.607349644880741835e-04
3.894228138960897923e-04
3.872693341691046953e-04
3.767386660911142826e-04
3.780006954912096262e-04
3.292353940196335316e-04
3.921577008441090584e-04
3.367970639374107122e-04
3.976235748268663883e-04
3.531792317517101765e-04
3.106054791714996099e-04
3.271962341386824846e-04
3.168594266753643751e-04
3.025345795322209597e-04
1.918304333230480552e-04
3.625695826485753059e-04
3.398284607101231813e-04
2.972481597680598497e-04
3.907176724169403315e-04
2.426480641588568687e-04
3.396219690330326557e-04
3.133665886707603931e-04
4.068312118761241436e-04
3.567019884940236807e-04
3.636323963291943073e-04
4.337571735959500074e-04
3.972652484662830830e-04
2.978933625854551792e-04
3.568702959455549717e-04
3.199233906343579292e-04
3.923780750483274460e-04
3.815334639512002468e-04
2.635626296978443861e-04
3.538359014783054590e-04
3.680283261928707361e-04
2.950809139292687178e-04
3.306567668914794922e-04
3.295039932709187269e-04
3.809293848462402821e-04
3.295803326182067394e-04
3.629846614785492420e-04
3.778763057198375463e-04
3.490896488074213266e-04
3.186271642334759235e-04
3.268029249738901854e-04
3.756639780476689339e-04
4.200759576633572578e-04
4.108420980628579855e-04
3.322444099467247725e-04
3.438867570366710424e-04
3.752181655727326870e-04
4.250930796843022108e-04
3.497841244097799063e-04
4.190019681118428707e-04
3.259718359913676977e-04
3.565193328540772200e-04
5.439132801257073879e-04
4.244245938025414944e-04
3.768784808926284313e-04
3.590919368434697390e-04
3.477611171547323465e-04
3.402582951821386814e-04
4.410113324411213398e-04
3.740557876881211996e-04
3.971151891164481640e-04
4.285147879272699356e-04
2.769325801637023687e-04
3.372783248778432608e-04
2.950623747892677784e-04
3.674012259580194950e-04
3.120945766568183899e-04
3.797762619797140360e-04
3.477109712548553944e-04
4.228257166687399149e-04
3.630729042924940586e-04
3.351976047269999981e-04
3.618677728809416294e-04
2.527988981455564499e-04
3.766943409573286772e-04
3.518621088005602360e-04
3.611796419136226177e-04
3.787093737628310919e-04
4.007108800578862429e-04
3.443090536165982485e-04
3.930050879716873169e-04
3.494833363220095634e-04
3.910969826392829418e-04
3.555598377715796232e-04
3.415628161747008562e-04
3.108366800006479025e-04
3.480245359241962433e-04
3.987010859418660402e-04
3.814606170635670424e-04
3.522608312778174877e-04
3.654914617072790861e-04
3.742779663298279047e-04
3.639443311840295792e-04
3.712075413204729557e-04
3.623795346356928349e-04
3.411377256270498037e-04
3.838211414404213428e-04
3.550949040800333023e-04
3.693629114422947168e-04
4.221314447931945324e-04
3.497045254334807396e-04
3.597491304390132427e-04
3.639153437688946724e-04
3.767210291698575020e-04
3.510541573632508516e-04
3.496385761536657810e-04
3.735150967258960009e-04
3.853021480608731508e-04
4.055901663377881050e-04
3.679636865854263306e-04
3.344251890666782856e-04
2.893020573537796736e-04
3.815524687524884939e-04
3.663717361632734537e-04
3.513529372867196798e-04
3.960761823691427708e-04
3.276746137998998165e-04
3.948967205360531807e-04
3.694151819217950106e-04
3.321853582747280598e-04
3.126880037598311901e-04
3.349031612742692232e-04
3.561937483027577400e-04
3.501483879517763853e-04
3.380767011549323797e-04
3.427629417274147272e-04
3.328364109620451927e-04
2.892861375585198402e-04
3.280750534031540155e-04
3.450549847912043333e-04
3.117732994724065065e-04
3.628455160651355982e-04
3.574514703359454870e-04
4.009171680081635714e-04
3.679046640172600746e-04
3.840692515950649977e-04
3.851715009659528732e-04
3.837283002212643623e-04
3.887487400788813829e-04
3.508889058139175177e-04
3.423439338803291321e-04
3.436611150391399860e-04
3.631343424785882235e-04
3.007495542988181114e-04
3.557105374056845903e-04
3.678099019452929497e-04
4.286308540031313896e-04
3.454606630839407444e-04
3.606740501709282398e-04
2.933228679466992617e-04
3.770089533645659685e-04
2.751807915046811104e-04
3.252362075727432966e-04
2.937856479547917843e-04
3.061423485632985830e-04
3.052851825486868620e-04
2.119342680089175701e-04
3.778307000175118446e-04
3.006962069775909185e-04
3.722062974702566862e-04
4.059792845509946346e-04
3.351533960085362196e-04
3.388577024452388287e-04
4.098158970009535551e-04
3.431002260185778141e-04
3.986459341831505299e-04
3.381871210876852274e-04
2.097000688081607223e-04
3.553841088432818651e-04
3.454724210314452648e-04
3.820467391051352024e-04
3.557684831321239471e-04
2.348890557186678052e-04
3.816764510702341795e-04
2.813322353176772594e-04
4.072521987836807966e-04
3.186703834217041731e-04
3.437213308643549681e-04
4.036919272039085627e-04
3.799456753768026829e-04
3.932604449801146984e-04
3.546965890564024448e-04
3.516579163260757923e-04
3.872107190545648336e-04
3.475227276794612408e-04
3.564156941138207912e-04
3.773435892071574926e-04
4.640535626094788313e-04
3.758764942176640034e-04
3.417488187551498413e-04
3.743466513697057962e-04
3.768780443351715803e-04
3.949938982259482145e-04
3.428088384680449963e-04
4.070354334544390440e-04
3.522146726027131081e-04
3.205128014087677002e-04
4.095894400961697102e-04
3.881752199959009886e-04
3.596846363507211208e-04
3.051717067137360573e-04
3.622291260398924351e-04
3.715838829521089792e-04
4.016862658318132162e-04
3.413207596167922020e-04
3.625856770668178797e-04
3.711392055265605450e-04
4.014509322587400675e-04
3.663443203549832106e-04
3.162440552841871977e-04
3.701109089888632298e-04
3.739975509233772755e-04
4.064507666043937206e-04
4.230650374665856361e-04
2.890998730435967445e-04
3.590110572986304760e-04
2.981347497552633286e-04
4.283166490495204926e-04
3.897104179486632347e-04
4.192710621282458305e-04
3.947571094613522291e-04
3.795030643232166767e-04
3.095927531830966473e-04
3.616239700932055712e-04
3.863137972075492144e-04
4.033746081404387951e-04
5.309075349941849709e-04
3.675173502415418625e-04
3.628412378020584583e-04
3.315980720799416304e-04
3.705844865180552006e-04
2.757129550445824862e-04
3.050398081541061401e-04
3.447902272455394268e-04
3.701756650116294622e-04
3.527161316014826298e-04
3.315369540359824896e-04
4.778860893566161394e-04
3.792989591602236032e-04
3.494255943223834038e-04
3.555582952685654163e-04
3.100827161688357592e-04
3.725296992342919111e-04
3.063658659812062979e-04
3.874704416375607252e-04
3.241265367250889540e-04
3.719522210303694010e-04
3.876312694046646357e-04
3.501390456221997738e-04
3.877093840856105089e-04
3.527500666677951813e-04
3.716960200108587742e-04
3.457938146311789751e-04
3.396328538656234741e-04
3.435739781707525253e-04
3.832264919765293598e-04
3.229351714253425598e-04
2.539097622502595186e-04
3.392512153368443251e-04
3.561907506082206964e-04
3.418429987505078316e-04
3.031369124073535204e-04
3.838614211417734623e-04
3.350083425175398588e-04
4.352894902694970369e-04
3.891467640642076731e-04
3.461018204689025879e-04
3.800359845627099276e-04
3.515419084578752518e-04
3.733443154487758875e-04
3.309475432615727186e-04
3.663054958451539278e-04
3.597950562834739685e-04
4.004789225291460752e-04
3.386866301298141479e-04
3.637894988059997559e-04
2.893622440751641989e-04
3.532404662109911442e-04
3.508972877170890570e-04
3.472096868790686131e-04
3.895563131663948298e-04
3.122554626315832138e-04
3.262948303017765284e-04
2.826879790518432856e-04
2.566456678323447704e-04
3.136175510007888079e-04
2.981850411742925644e-04
3.899124858435243368e-04
3.906885976903140545e-04
2.892001357395201921e-04
3.675747720990329981e-04
3.551801783032715321e-04
3.347077290527522564e-04
3.795281227212399244e-04
2.216555440099909902e-04
3.726097056642174721e-04
3.646972763817757368e-04
3.244687977712601423e-04
4.180774849373847246e-04
3.682242822833359241e-04
3.394286031834781170e-04
3.328302118461579084e-04
3.586719976738095284e-04
3.617342445068061352e-04
2.557853003963828087e-04
3.469002258498221636e-04
3.754101053345948458e-04
3.923785698134452105e-04
3.697443753480911255e-04
3.318761591799557209e-04
3.119248140137642622e-04
3.118523454759269953e-04
3.247930144425481558e-04
3.719814994838088751e-04
3.318231028970330954e-04
3.370036720298230648e-04
3.869592037517577410e-04
2.163610770367085934e-04
3.575190203264355659e-04
4.231841303408145905e-04
3.593938017729669809e-04
3.349133767187595367e-04
2.930033951997756958e-04
3.791109775193035603e-04
3.633614978753030300e-04
3.571160195861011744e-04
3.415285318624228239e-04
3.237210912629961967e-04
2.863972622435539961e-04
3.679634828586131334e-04
2.593252575024962425e-04
3.707396390382200480e-04
4.175624635536223650e-04
3.544243227224797010e-04
3.601017815526574850e-04
3.883418394252657890e-04
3.723418340086936951e-04
3.168402763549238443e-04
3.634417371358722448e-04
2.442375989630818367e-04
3.922475443687289953e-04
3.520019236020743847e-04
1.773054536897689104e-04
3.318514791317284107e-04
1.600414107087999582e-04
3.646317345555871725e-04
2.915204968303442001e-04
3.694776387419551611e-04
3.214993339497596025e-04
4.145347629673779011e-04
3.732129116542637348e-04
3.332208725623786449e-04
3.460268198978155851e-04
2.705741499084979296e-04
2.492475614417344332e-04
3.691620368044823408e-04
4.316292470321059227e-04
3.858825657516717911e-04
3.804753359872847795e-04
3.467740607447922230e-04
3.475867852102965117e-04
3.040751616936177015e-04
3.266427956987172365e-04
3.750661271624267101e-04
2.918814716394990683e-04
2.878883678931742907e-04
3.885954211000353098e-04
3.268801374360918999e-04
3.655808104667812586e-04
3.585887316148728132e-04
3.882699238602072001e-04
3.650993749033659697e-04
3.479315782897174358e-04
3.643080999609082937e-04
3.425020258873701096e-04
2.743153600022196770e-04
3.916077257599681616e-04
3.741612017620354891e-04
3.459152067080140114e-04
3.135822189506143332e-04
3.508244990371167660e-04
3.575990558601915836e-04
2.811262675095349550e-04
3.032833337783813477e-04
3.519153688102960587e-04
4.196561349090188742e-04
3.855875984299927950e-04
3.571870329324156046e-04
3.344220167491585016e-04
3.571321140043437481e-04
3.926117497030645609e-04
3.730460302904248238e-04
4.032302531413733959e-04
3.319022362120449543e-04
3.698112850543111563e-04
4.020628693979233503e-04
4.034113371744751930e-04
2.777135814540088177e-04
3.675871412269771099e-04
3.234776377212256193e-04
4.807162913493812084e-04
3.902342868968844414e-04
2.994287933688610792e-04
2.868123410735279322e-04
3.574909060262143612e-04
3.653991152532398701e-04
3.707357391249388456e-04
3.853891103062778711e-04
2.959503908641636372e-04
1.776034769136458635e-04
3.397338150534778833e-04
3.744961286429315805e-04
3.955446591135114431e-04
3.170516283717006445e-04
3.527244261931627989e-04
2.701641060411930084e-04
3.360731352586299181e-04
3.592500288505107164e-04
3.429862554185092449e-04
3.562518977560102940e-04
3.006962069775909185e-04
4.020663327537477016e-04
1.969950826605781913e-04
5.221282481215894222e-04
3.661805822048336267e-04
2.895655634347349405e-04
3.796717210207134485e-04
3.461096202954649925e-04
3.139399632345885038e-04
3.095185675192624331e-04
3.758331004064530134e-04
2.404108527116477489e-04
2.904298307839781046e-04
2.661965554580092430e-04
3.832274524029344320e-04
3.610376443248242140e-04
3.439018910285085440e-04
4.152562178205698729e-04
3.320527612231671810e-04
4.000108456239104271e-04
3.305994323454797268e-04
2.959567354992032051e-04
3.141965135000646114e-04
3.436471452005207539e-04
3.642358642537146807e-04
3.521486651152372360e-04
3.680979134514927864e-04
4.024659865535795689e-04
3.260243975091725588e-04
4.166814323980361223e-04
2.846005954779684544e-04
3.741951659321784973e-04
3.518979938235133886e-04
3.199355560354888439e-04
4.019840271212160587e-04
3.662669914774596691e-04
3.308445739094167948e-04
3.591365530155599117e-04
3.947357763536274433e-04
3.888963256031274796e-04
3.413577796891331673e-04
3.303727135062217712e-04
3.189934941474348307e-04
3.579927142709493637e-04
3.587018291000276804e-04
3.288487205281853676e-04
3.711536410264670849e-04
3.533999260980635881e-04
3.278611402492970228e-04
3.625296521931886673e-04
3.292941546533256769e-04
3.125683579128235579e-04
3.802135179284960032e-04
3.755473007913678885e-04
3.698165237437933683e-04
3.311898617539554834e-04
3.439459542278200388e-04
3.779572434723377228e-04
3.365831507835537195e-04
3.920874441973865032e-04
3.277739160694181919e-04
3.617871843744069338e-04
3.482223255559802055e-04
3.714266349561512470e-04
4.164057900197803974e-04
2.525184827391058207e-04
3.955163992941379547e-04
3.523182822391390800e-04
4.149337764829397202e-04
2.938701945822685957e-04
3.762438136618584394e-04
3.039319708477705717e-04
4.093125171493738890e-04
3.661942610051482916e-04
3.983519272878766060e-04
3.589742700569331646e-04
3.813167277257889509e-04
3.393889346625655890e-04
5.142976297065615654e-04
3.512293624226003885e-04
3.026810882147401571e-04
2.967961481772363186e-04
3.832501824945211411e-04
3.613834269344806671e-04
3.789618203882128000e-04
3.730806929524987936e-04
3.157690807711333036e-04
3.338214592076838017e-04
3.548603272065520287e-04
3.981527115684002638e-04
3.892751410603523254e-04
3.177238977514207363e-04
3.702895191963762045e-04
3.887579950969666243e-04
3.218530036974698305e-04
3.403651062399148941e-04
4.175405483692884445e-04
3.974545688834041357e-04
2.635004057083278894e-04
3.466376219876110554e-04
4.314828547649085522e-04
3.317507507745176554e-04
3.088240337092429399e-04
3.683743125293403864e-04
3.359271213412284851e-04
3.241093945689499378e-04
3.846413746941834688e-04
3.459778090473264456e-04
3.997755993623286486e-04
3.644202661234885454e-04
3.846540057566016912e-04
3.203300293534994125e-04
3.447219205554574728e-04
3.561363264452666044e-04
2.926373563241213560e-04
3.706161514855921268e-04
3.668686840683221817e-04
3.572767018340528011e-04
3.905698540620505810e-04
3.800319100264459848e-04
2.982132136821746826e-04
3.674984909594058990e-04
3.571087145246565342e-04
3.755955840460956097e-04
