2.551777579355984926e-04
6.942964973859488964e-04
3.757956146728247404e-04
4.959231009706854820e-04
9.404159936821088195e-05
1.714006066322326660e-04
3.824070445261895657e-04
2.160291478503495455e-04
3.436189726926386356e-04
2.578067942522466183e-04
2.857524377759546041e-04
4.993164329789578915e-04
1.448102557333186269e-04
3.983449714723974466e-04
2.390313602518290281e-04
6.255339831113815308e-04
2.194160479120910168e-04
4.002425703220069408e-04
2.290855627506971359e-04
4.163252597209066153e-04
4.812597180716693401e-04
3.333109489176422358e-04
5.388009594753384590e-04
1.919569622259587049e-04
2.748364640865474939e-04
2.639429585542529821e-04
2.511293860152363777e-04
2.175805711885914207e-04
2.030740724876523018e-04
5.071901832707226276e-04
5.742918583564460278e-04
4.039388149976730347e-04
5.333290318958461285e-04
3.318256640341132879e-04
3.051041858270764351e-04
1.879297633422538638e-04
2.174323308281600475e-04
5.667898803949356079e-04
3.457539132796227932e-04
2.333885204279795289e-04
4.463166987989097834e-04
5.267687374725937843e-04
4.723121528513729572e-04
1.885884848888963461e-04
3.386049356777220964e-04
4.757087444886565208e-04
2.820955996867269278e-04
3.511274408083409071e-04
2.282321656821295619e-04
3.715216007549315691e-04
5.130145291332155466e-05
2.301235072081908584e-04
3.015788388438522816e-04
2.486498560756444931e-04
4.159184172749519348e-04
4.732699017040431499e-04
2.151550434064120054e-04
2.590483636595308781e-04
1.369425444863736629e-04
4.080904764123260975e-04
3.389714693184942007e-04
2.658740559127181768e-04
6.415873649530112743e-04
6.509249797090888023e-04
3.086188517045229673e-04
5.049325409345328808e-04
6.668116548098623753e-04
2.806066477205604315e-04
6.539862806675955653e-05
8.327754912897944450e-04
2.103138540405780077e-04
2.840463712345808744e-04
4.699836426880210638e-04
6.300409440882503986e-04
2.465639554429799318e-04
2.234870480606332421e-04
2.775886969175189734e-04
1.837336312746629119e-04
2.523309085518121719e-04
1.118186512030661106e-03
1.973155303858220577e-04
2.834361512213945389e-04
2.321620995644479990e-04
3.543470811564475298e-04
2.931005437858402729e-04
3.442933375481516123e-04
1.736721314955502748e-04
3.270372981205582619e-04
6.283250404521822929e-04
1.846392260631546378e-04
3.106576623395085335e-04
2.050164039246737957e-04
1.880281924968585372e-04
3.899131261277943850e-04
6.013027159497141838e-04
2.820558147504925728e-04
3.010022919625043869e-04
4.292339726816862822e-04
2.865347778424620628e-04
3.025002079084515572e-04
4.985793493688106537e-04
4.475088207982480526e-04
3.640193317551165819e-04
3.417622647248208523e-04
5.851311143487691879e-04
3.285926650278270245e-04
3.415193641558289528e-04
2.928175090346485376e-04
5.002957768738269806e-04
1.975454797502607107e-04
4.183350829407572746e-04
3.344391589052975178e-04
2.843400870915502310e-04
4.938960773870348930e-04
3.873066161759197712e-04
5.181223968975245953e-04
3.386899188626557589e-04
3.263600519858300686e-04
2.434541092952713370e-04
3.224616521038115025e-04
3.562142665032297373e-04
1.468582195229828358e-04
2.156231494154781103e-04
4.807799705304205418e-04
2.589144569355994463e-04
3.966233925893902779e-04
2.301251079188659787e-04
4.938669153489172459e-04
2.045453147729858756e-04
2.297231258125975728e-04
4.533684405032545328e-04
4.809141391888260841e-04
3.170697600580751896e-04
1.948072895174846053e-04
1.468620321247726679e-04
3.813650982920080423e-04
5.492617492564022541e-04
1.422913628630340099e-04
4.638781829271465540e-04
2.044236171059310436e-04
7.317173876799643040e-04
5.110261263325810432e-04
2.872211916837841272e-04
5.504980799742043018e-04
4.016093444079160690e-04
3.960301692131906748e-04
2.543079317547380924e-04
3.932327963411808014e-04
4.106152046006172895e-04
2.395236806478351355e-04
9.003815357573330402e-04
2.006443392019718885e-04
3.318234812468290329e-04
7.025418453849852085e-04
2.106019819620996714e-04
2.325032983208075166e-04
4.997488576918840408e-04
4.430998233146965504e-04
2.413767651887610555e-04
3.073553089052438736e-04
4.292149678803980350e-04
6.161821074783802032e-04
3.025045443791896105e-04
3.038708528038114309e-04
4.829848185181617737e-04
2.443252014927566051e-04
2.754652523435652256e-04
4.834382270928472281e-04
4.335884004831314087e-04
2.032092452282086015e-04
2.637180732563138008e-04
3.920720482710748911e-04
2.061151026282459497e-04
4.174397327005863190e-04
3.422804002184420824e-04
5.271249101497232914e-04
2.263317583128809929e-04
3.883411700371652842e-04
3.526498621795326471e-04
3.187514084856957197e-04
3.191858995705842972e-04
3.336837107781320810e-04
3.040996671188622713e-04
1.832121342886239290e-04
2.343777741771191359e-04
3.819514240603893995e-04
2.858883235603570938e-04
5.255315918475389481e-04
4.432050627656280994e-04
6.090605165809392929e-04
8.346268441528081894e-04
2.774999884422868490e-04
2.091855276376008987e-04
4.732406232506036758e-04
4.192933265585452318e-04
8.164191967807710171e-04
3.617751062847673893e-04
3.752173797693103552e-04
1.215771189890801907e-04
4.635375516954809427e-04
3.911162202712148428e-04
4.214769869577139616e-04
3.457790880929678679e-04
2.919931139331310987e-04
2.906631852965801954e-04
2.778704802040010691e-04
3.279781376477330923e-04
1.987668802030384541e-04
2.346781548112630844e-04
2.833878679666668177e-04
5.083355936221778393e-04
3.370094345882534981e-04
5.986954201944172382e-04
2.114932431140914559e-04
5.336009780876338482e-04
3.632030566222965717e-04
4.316699341870844364e-04
4.740446747746318579e-04
4.168815794400870800e-04
7.456354796886444092e-04
1.521218946436420083e-04
4.856474115513265133e-04
3.535592113621532917e-04
5.324522498995065689e-04
2.419100783299654722e-04
3.649306308943778276e-04
4.138861550018191338e-04
4.618325037881731987e-04
4.057541082147508860e-04
4.153262998443096876e-04
3.919108421541750431e-04
2.063579595414921641e-04
4.957619239576160908e-04
5.037114606238901615e-04
4.449114494491368532e-04
4.562845278996974230e-04
2.509298501536250114e-04
1.463151711504906416e-04
2.003372646868228912e-04
2.127848711097612977e-04
5.144677706994116306e-04
2.559400163590908051e-04
2.615790872368961573e-04
4.574986232910305262e-04
1.894246088340878487e-04
7.306904299184679985e-04
5.607155617326498032e-04
5.959726986475288868e-04
2.881315595004707575e-04
2.270289987791329622e-04
3.570466651581227779e-04
3.704007831402122974e-04
1.110876473831012845e-04
1.722063607303425670e-04
1.384565402986481786e-04
3.485414199531078339e-04
5.795530159957706928e-04
3.917026042472571135e-04
4.271814541425555944e-04
4.512851883191615343e-04
4.082804371137171984e-04
2.874205529224127531e-04
2.888400631491094828e-04
3.045332850888371468e-04
2.379333163844421506e-04
1.852022687671706080e-04
3.305188729427754879e-04
1.917296904139220715e-04
4.674893280025571585e-04
2.588927163742482662e-04
5.053373170085251331e-04
3.042627649847418070e-04
2.777588379103690386e-04
3.327842277940362692e-04
1.784289488568902016e-04
7.641392294317483902e-04
5.364706739783287048e-04
3.325790166854858398e-04
2.062472631223499775e-04
2.733427099883556366e-04
1.207259265356697142e-04
3.383697767276316881e-04
3.998981555923819542e-04
2.239688765257596970e-04
1.258283591596409678e-04
2.363590028835460544e-04
2.216649445472285151e-04
7.021904457360506058e-04
2.509586629457771778e-04
3.597553877625614405e-04
3.519160090945661068e-04
3.935035783797502518e-04
3.198102931492030621e-04
4.441639466676861048e-04
2.308913972228765488e-04
3.720448876265436411e-04
5.333452718332409859e-04
1.797058794181793928e-04
2.481529372744262218e-04
4.054950841236859560e-04
2.823171089403331280e-04
3.660266811493784189e-04
1.850208500400185585e-04
2.359241334488615394e-04
3.512892290018498898e-04
6.323727429844439030e-04
8.430823218077421188e-04
1.767916255630552769e-04
4.341898311395198107e-04
4.111416928935796022e-04
1.758735888870432973e-04
5.438272492028772831e-04
2.299997286172583699e-04
4.814459825865924358e-04
5.269483081065118313e-04
4.052750009577721357e-04
4.221091221552342176e-04
4.094262840226292610e-04
4.362869367469102144e-04
2.927125897258520126e-04
2.891377371270209551e-04
8.261487819254398346e-04
2.922030107583850622e-04
3.757579252123832703e-04
2.311785210622474551e-04
4.281302099116146564e-04
1.904883829411119223e-04
3.488048387225717306e-04
1.198095415020361543e-04
3.767155576497316360e-04
3.852817171718925238e-04
3.573016147129237652e-04
2.343002124689519405e-04
2.550080826040357351e-04
2.970128844026476145e-04
2.363521925872191787e-04
1.926004188135266304e-04
1.458474580431357026e-04
2.517520333640277386e-04
3.268720174673944712e-04
2.474211505614221096e-04
3.962765040341764688e-04
2.725390077102929354e-04
2.826534910127520561e-04
3.696100902743637562e-04
5.035760696046054363e-04
4.274367820471525192e-04
1.446793467039242387e-04
3.731226897798478603e-04
3.797694516833871603e-04
3.437200502958148718e-04
3.020355943590402603e-04
4.551942402031272650e-04
2.075168013107031584e-04
5.751220160163938999e-04
4.657153331208974123e-04
3.392866055946797132e-04
2.736572932917624712e-04
2.043063868768513203e-04
1.843316276790574193e-04
3.485714551061391830e-04
3.022186574526131153e-04
2.648340596351772547e-04
2.271875418955460191e-04
3.977365558966994286e-04
4.314196994528174400e-04
2.977208641823381186e-04
3.302381664980202913e-04
3.380544949322938919e-04
2.154841495212167501e-04
6.896469858475029469e-04
2.565798349678516388e-04
4.936130135320127010e-04
2.693940768949687481e-04
3.707505238708108664e-04
2.166939666494727135e-04
1.765709312167018652e-04
1.841383054852485657e-04
4.792492254637181759e-04
4.834482388105243444e-04
3.311288310214877129e-04
3.464183828327804804e-04
2.716356830205768347e-04
3.043970209546387196e-04
5.677528097294270992e-04
2.799427893478423357e-04
5.637141875922679901e-04
1.688583142822608352e-04
4.281102446839213371e-04
2.361639053560793400e-04
4.109569999855011702e-04
2.081751881632953882e-04
5.925707519054412842e-04
2.890568575821816921e-04
4.265879688318818808e-04
4.428279644344002008e-04
2.532292273826897144e-04
4.077796766068786383e-04
2.380988589720800519e-04
5.932901985943317413e-04
1.930204743985086679e-04
2.348523557884618640e-04
3.608074039220809937e-04
9.369946783408522606e-04
6.931571406312286854e-04
4.764344776049256325e-04
4.181860713288187981e-04
3.653076128102838993e-04
6.564139039255678654e-04
3.769382019527256489e-04
4.592677578330039978e-04
2.385025436524301767e-04
3.849561617244035006e-04
4.423809587024152279e-04
2.897391677834093571e-04
2.461596159264445305e-04
5.190952215343713760e-04
7.011184352450072765e-04
1.534033071948215365e-04
2.628456568345427513e-04
3.065820492338389158e-04
3.964750503655523062e-04
1.776285207597538829e-04
3.787323657888919115e-04
3.271205641794949770e-04
4.593434277921915054e-04
3.172681608702987432e-04
2.032444172073155642e-04
3.742720582522451878e-04
2.577380801085382700e-04
2.271807752549648285e-04
3.533355484250932932e-04
1.920666545629501343e-04
2.681662735994905233e-04
2.635687415022403002e-04
7.882119389250874519e-04
1.433241704944521189e-04
2.530499768909066916e-04
3.825677558779716492e-04
2.988422929774969816e-04
2.161376614822074771e-04
2.918158716056495905e-04
2.084197913063690066e-04
1.695659157121554017e-04
1.427276001777499914e-04
2.445304708089679480e-04
3.876195987686514854e-04
1.134205493144690990e-03
5.085022421553730965e-04
2.954634546767920256e-04
5.980460555292665958e-04
5.031691980548202991e-04
3.844860766548663378e-04
1.708021009108051658e-04
5.275209550745785236e-04
5.371002480387687683e-04
6.121313781477510929e-04
2.578411658760160208e-04
2.579764113761484623e-04
2.080641133943572640e-04
2.500744594726711512e-04
5.003508413210511208e-04
4.168697923887521029e-04
2.812319144140928984e-04
5.947362515144050121e-04
3.923870972357690334e-04
2.967632026411592960e-04
2.868757874239236116e-04
3.320118703413754702e-04
1.991814788198098540e-04
3.758880484383553267e-04
6.246120901778340340e-04
1.746213529258966446e-04
5.970738129690289497e-04
3.017741837538778782e-04
3.963955969084054232e-04
5.794612225145101547e-04
2.135398390237241983e-04
2.638741570990532637e-04
9.904294711304828525e-05
2.515029627829790115e-04
1.036833418766036630e-04
3.840999852400273085e-04
3.088401281274855137e-04
3.812262439168989658e-04
2.417839568806812167e-04
6.342232809402048588e-04
4.481796931941062212e-04
3.097226726822555065e-04
4.059859493281692266e-04
4.080269427504390478e-04
5.442068795673549175e-04
4.034460289403796196e-04
1.587738952366635203e-04
4.930342547595500946e-04
1.301245647482573986e-04
2.120941935572773218e-04
5.816795164719223976e-04
4.206225858069956303e-04
2.170695224776864052e-04
3.403146110940724611e-04
2.342195512028411031e-04
2.980580611620098352e-04
5.408718134276568890e-04
6.401603459380567074e-04
3.826282336376607418e-04
2.697675663512200117e-04
2.150344807887449861e-04
2.216941211372613907e-04
3.022609162144362926e-04
3.290233726147562265e-04
3.453081299085170031e-04
1.595778594492003322e-04
2.441530232317745686e-04
3.109961689915508032e-04
5.452178884297609329e-04
3.219592617824673653e-04
2.589677460491657257e-04
6.093375268392264843e-04
3.399208071641623974e-04
3.053914406336843967e-04
2.680468605831265450e-04
4.125995328649878502e-04
1.818031159928068519e-04
1.964297844097018242e-04
2.833588514477014542e-04
3.018286952283233404e-04
4.131810565013438463e-04
4.582320107147097588e-04
5.400742520578205585e-04
4.937697085551917553e-04
2.124061575159430504e-04
2.417928044451400638e-04
3.394985105842351913e-04
4.734185931738466024e-04
5.016083014197647572e-04
2.359377249376848340e-04
2.200693124905228615e-04
2.562791923992335796e-04
6.565351213794201612e-05
1.726415648590773344e-04
5.555950338020920753e-04
4.773303808178752661e-04
6.632384611293673515e-04
2.526309981476515532e-04
3.557684831321239471e-04
3.748086455743759871e-04
2.441972319502383471e-04
4.277134430594742298e-04
4.912794101983308792e-04
3.700872766785323620e-04
3.714353078976273537e-04
3.812387585639953613e-04
2.481873088981956244e-04
2.743695804383605719e-04
5.078233662061393261e-04
3.915583365596830845e-04
2.880557149183005095e-04
2.227190125267952681e-04
3.912331303581595421e-04
2.500126720406115055e-04
3.751611511688679457e-04
3.389110206626355648e-04
7.072277367115020752e-04
5.981365684419870377e-04
2.196454006480053067e-04
4.056302423123270273e-04
3.575412265490740538e-04
4.958253703080117702e-04
4.207465681247413158e-04
2.067228197120130062e-04
3.466585767455399036e-04
4.740894946735352278e-04
1.154987621703185141e-04
2.931436756625771523e-04
4.079428035765886307e-04
3.231573209632188082e-04
3.484411572571843863e-04
4.656990640796720982e-04
2.074849326163530350e-04
3.041721356566995382e-04
3.236725751776248217e-04
2.154314570361748338e-04
2.248888631584122777e-04
1.834198192227631807e-04
2.383354003541171551e-04
1.472011645091697574e-04
1.472667936468496919e-04
2.029996830970048904e-04
3.736401849891990423e-04
6.723104161210358143e-04
4.089746507816016674e-04
3.636839683167636395e-04
5.688935052603483200e-04
2.634701377246528864e-04
2.082844730466604233e-04
2.464125573169440031e-04
3.596333262976258993e-04
2.049491158686578274e-04
5.003898404538631439e-04
1.955502957571297884e-04
3.565794904716312885e-04
6.136632873676717281e-04
2.309764822712168097e-04
5.536350072361528873e-04
2.566396142356097698e-04
4.342330212239176035e-04
3.445266338530927896e-04
3.789128095377236605e-04
3.976617881562560797e-04
2.113806258421391249e-04
2.020644751610234380e-04
3.067360376007854939e-04
1.734331017360091209e-04
4.796806897502392530e-04
2.825291303452104330e-04
1.883108780020847917e-04
1.197202072944492102e-04
1.921278890222311020e-04
5.401856615208089352e-04
3.928790683858096600e-04
5.678161978721618652e-04
3.780016559176146984e-04
4.387044464237987995e-04
4.064496024511754513e-04
2.423183905193582177e-04
7.115606567822396755e-04
2.954438386950641870e-04
3.019761934410780668e-04
2.742747310549020767e-04
2.429925807518884540e-04
9.045800543390214443e-04
4.009208932984620333e-04
4.655447555705904961e-04
4.321539017837494612e-04
2.320573694305494428e-04
6.337153608910739422e-04
2.619310689624398947e-04
2.773492888081818819e-04
1.445385423721745610e-04
3.687007701955735683e-04
3.806100285146385431e-04
2.475645742379128933e-04
2.953793446067720652e-04
3.402037546038627625e-04
2.896967926062643528e-04
2.867380972020328045e-04
3.416634572204202414e-04
1.596603106008842587e-04
3.313777269795536995e-04
6.724288105033338070e-04
1.639932015677914023e-04
3.923414915334433317e-04
3.052193205803632736e-04
4.642527783289551735e-04
1.934992906171828508e-04
5.063046119175851345e-04
5.868748994544148445e-04
6.813464569859206676e-04
7.031286368146538734e-04
1.781446335371583700e-04
5.848662112839519978e-04
5.342550575733184814e-04
2.450610627420246601e-04
3.244699910283088684e-04
1.743335305945947766e-04
3.760342660825699568e-04
4.215466615278273821e-04
4.997945507057011127e-04
3.847510379273444414e-04
3.472045063972473145e-04
3.645327815320342779e-04
2.162118616979569197e-04
2.871319884434342384e-04
5.126403411850333214e-04
2.328401606064289808e-04
2.469941391609609127e-04
5.016495706513524055e-04
1.729766227072104812e-04
2.735320886131376028e-04
2.550719655118882656e-04
3.503876505419611931e-04
3.980053006671369076e-04
2.893400378525257111e-04
1.709643256617709994e-04
3.991392732132226229e-04
2.024649729719385505e-04
4.068518464919179678e-04
3.866543120238929987e-04
2.239885216113179922e-04
3.502898325677961111e-04
2.627815993037074804e-04
1.754453551257029176e-04
5.630710511468350887e-04
6.198217743076384068e-04
3.248193825129419565e-04
2.070213085971772671e-04
3.338595852255821228e-04
6.054604309611022472e-04
4.964661202393472195e-04
3.482064057607203722e-04
2.377560740569606423e-04
3.135791921522468328e-04
9.819205151870846748e-04
2.603654284030199051e-04
2.627015055622905493e-04
4.911096766591072083e-04
1.991700264625251293e-04
5.776010802946984768e-04
2.845728595275431871e-04
6.387520697899162769e-04
6.542748888023197651e-04
4.542393435258418322e-04
3.550244146026670933e-04
5.814187461510300636e-04
3.446698538027703762e-04
2.560350112617015839e-04
5.283741047605872154e-04
2.023730776272714138e-04
2.291852142661809921e-04
1.632411294849589467e-04
4.770608502440154552e-04
9.112209081649780273e-04
5.170687800273299217e-04
2.925441367551684380e-04
4.680332785937935114e-04
3.171786956954747438e-04
4.509318387135863304e-04
4.359559097792953253e-04
4.655399243347346783e-04
4.252315557096153498e-04
4.165977297816425562e-04
4.869720723945647478e-04
6.438358686864376068e-04
4.474860907066613436e-04
2.053150383289903402e-04
2.764153759926557541e-04
2.114703092956915498e-04
2.002984256250783801e-04
3.579829353839159012e-04
4.737774434033781290e-04
3.336180234327912331e-04
3.359401889611035585e-04
6.360801053233444691e-04
2.752262807916849852e-04
3.284948470536619425e-04
1.562629040563479066e-04
1.708629133645445108e-04
1.048980746418237686e-03
3.426557814236730337e-04
4.455931193660944700e-04
2.610830706544220448e-04
1.895178866107016802e-04
2.743148652371019125e-04
3.813495277427136898e-04
4.561932291835546494e-04
3.481044259387999773e-04
3.330870240461081266e-04
5.189614021219313145e-04
5.133660160936415195e-04
4.876663151662796736e-04
1.949198340298607945e-04
3.814241499640047550e-04
6.280031520873308182e-04
3.047777863685041666e-04
3.389703342691063881e-04
2.691252157092094421e-04
2.953535877168178558e-04
4.081008082721382380e-04
6.023703026585280895e-04
4.090305301360785961e-04
5.526088643819093704e-04
1.769975497154518962e-04
4.663436557166278362e-04
3.223797830287367105e-04
3.199665807187557220e-04
5.133995437063276768e-04
1.635201333556324244e-04
5.716075538657605648e-04
1.154031720943748951e-03
4.209108883515000343e-04
2.726359816733747721e-04
3.919160517398267984e-04
4.395772702991962433e-04
6.165955564938485622e-04
1.078289933502674103e-03
3.906475030817091465e-04
3.417548432480543852e-04
4.688819462899118662e-04
3.428042691666632891e-04
3.525522770360112190e-04
5.551705835387110710e-04
4.804129421245306730e-04
3.026435733772814274e-04
7.633661734871566296e-04
4.272065998520702124e-04
1.539322693133726716e-04
4.647449823096394539e-04
2.742766228038817644e-04
2.963068836834281683e-04
4.052660660818219185e-04
1.581779652042314410e-04
5.585668841376900673e-04
2.298231411259621382e-04
4.963635001331567764e-04
5.124442977830767632e-04
6.876742118038237095e-04
4.003518552053719759e-04
2.494219515938311815e-04
4.426197556313127279e-04
4.818679590243846178e-04
3.362476709298789501e-04
1.411599951097741723e-04
3.429253411013633013e-04
4.253311781212687492e-04
5.093974177725613117e-04
2.543739101383835077e-04
2.305166854057461023e-04
3.392978687770664692e-04
1.308438804699108005e-04
3.990425320807844400e-04
3.183214284945279360e-04
2.180365991080179811e-04
3.069105441682040691e-04
2.962818543892353773e-04
4.729918728116899729e-04
2.952068753074854612e-04
2.863797999452799559e-04
2.337804180569946766e-04
5.022500990889966488e-04
2.796373737510293722e-04
4.540469963103532791e-04
1.893522130558267236e-04
5.712204729206860065e-04
3.864639729727059603e-04
2.267730305902659893e-04
3.007293853443115950e-04
3.262441896367818117e-04
3.639421483967453241e-04
3.016133268829435110e-04
1.960320660145953298e-04
3.276196366641670465e-04
1.098418142646551132e-03
1.662161375861614943e-04
3.206397814210504293e-04
7.726970361545681953e-04
3.591418208088725805e-04
4.999798256903886795e-04
5.088443867862224579e-04
2.908585884142667055e-04
2.921988780144602060e-04
6.025686743669211864e-04
2.877741644624620676e-04
2.361648657824844122e-04
2.806317352224141359e-04
3.848339547403156757e-04
4.701313446275889874e-04
3.995868901256471872e-04
1.048595411702990532e-03
4.019360640086233616e-04
2.714808215387165546e-04
1.028789920383132994e-04
1.712020894046872854e-04
3.086706274189054966e-04
2.385435509495437145e-04
4.285699105821549892e-04
4.105632251594215631e-04
3.512628900352865458e-04
2.495892986189574003e-04
1.266714534722268581e-04
1.305630139540880919e-04
3.569225082173943520e-04
4.835536528844386339e-04
2.159965952159836888e-04
3.282927791588008404e-04
3.364126314409077168e-04
2.632710675243288279e-04
3.397768014110624790e-04
2.752400760073214769e-04
3.037960268557071686e-04
1.871974527603015304e-04
2.821432135533541441e-04
2.446805883664637804e-04
1.739518484100699425e-04
1.976691710297018290e-04
2.937283716164529324e-04
1.388887903885915875e-04
2.897419908549636602e-04
2.135490358341485262e-04
5.286954110488295555e-04
4.070903814863413572e-04
1.915199100039899349e-04
2.892366610467433929e-04
2.436353388475254178e-04
2.111103240167722106e-04
3.449819050729274750e-04
1.555973576614633203e-04
1.531945745227858424e-04
3.214165044482797384e-04
5.358733469620347023e-04
1.712842204142361879e-04
2.852012403309345245e-04
4.110534500796347857e-04
4.332722455728799105e-04
2.524815499782562256e-04
4.236270324327051640e-04
2.094565279548987746e-04
3.952235565520823002e-04
2.616904675960540771e-04
3.489855735097080469e-04
3.314400964882224798e-04
3.788452886510640383e-04
6.140582263469696045e-04
3.314807254355400801e-04
3.561493649613112211e-04
1.509846624685451388e-04
2.567764313425868750e-04
1.800384488888084888e-04
2.449837047606706619e-04
2.433093904983252287e-04
2.114090311806648970e-04
1.799510209821164608e-04
1.164201094070449471e-04
2.207547513535246253e-04
2.442861732561141253e-04
2.145674807252362370e-04
2.638011937960982323e-04
7.275157840922474861e-04
2.951875212602317333e-04
3.093832056038081646e-04
2.429121377645060420e-04
3.227038541808724403e-04
2.086553868139162660e-04
4.599786770995706320e-04
4.735783149953931570e-04
3.218776546418666840e-04
5.440312088467180729e-04
3.679265500977635384e-04
2.855722559615969658e-04
1.557721116114407778e-04
3.360047412570565939e-04
3.611959400586783886e-04
3.457943967077881098e-04
3.184353117831051350e-04
2.897460944950580597e-04
4.507318371906876564e-04
1.185770452138967812e-04
6.284964038059115410e-04
3.496011486276984215e-04
2.715037262532860041e-04
1.717154373181983829e-04
4.563020484056323767e-04
3.071944520343095064e-04
1.921473885886371136e-04
1.737993297865614295e-04
3.994287981186062098e-04
5.679760943166911602e-04
4.366741341073065996e-04
3.772214695345610380e-04
4.619511892087757587e-04
3.351338382344692945e-04
1.422953937435522676e-04
3.726232680492103100e-04
3.511481918394565582e-04
2.972108777612447739e-04
2.949521876871585846e-04
1.410557888448238373e-04
2.184272743761539459e-04
2.092931244987994432e-04
6.204314995557069778e-04
2.560285502113401890e-04
3.970528196077793837e-04
3.788465983234345913e-04
3.132781712338328362e-04
3.546944353729486465e-04
3.146581002511084080e-04
1.263993763132020831e-04
4.810509853996336460e-04
4.178289091214537621e-04
9.582094207871705294e-05
4.425457736942917109e-04
2.788795973174273968e-04
4.887502291239798069e-04
4.350699891801923513e-04
3.358057874720543623e-04
4.758855211548507214e-04
3.985672083217650652e-04
1.669614430284127593e-04
2.886303991544991732e-04
3.375262313056737185e-04
4.138528893236070871e-04
3.007664636243134737e-04
3.433144593145698309e-04
2.893321507144719362e-04
2.918730897363275290e-04
2.026713627856224775e-04
3.504334308672696352e-04
4.697064578067511320e-04
3.741745022125542164e-04
2.040261897491291165e-04
1.331341045442968607e-04
3.846461477223783731e-04
2.974962990265339613e-04
1.452744909329339862e-04
2.986107137985527515e-04
1.710383221507072449e-04
3.243686223868280649e-04
2.921267587225884199e-04
1.937147171702235937e-04
5.023641861043870449e-04
3.847915213555097580e-04
4.608893359545618296e-04
2.519816916901618242e-04
4.696150426752865314e-04
1.255447568837553263e-04
5.533128860406577587e-04
5.522455321624875069e-04
1.102647627703845501e-03
2.020203828578814864e-04
5.068518803454935551e-04
2.219244051957502961e-04
6.504874327220022678e-04
7.573056500405073166e-04
2.830784069374203682e-04
1.868726103566586971e-04
2.970698405988514423e-04
2.874011697713285685e-04
3.097797452937811613e-04
5.676225991919636726e-04
2.078124962281435728e-04
5.809921422041952610e-04
3.281680401414632797e-04
1.654065417824313045e-04
6.776204681955277920e-04
3.163075598422437906e-04
2.967476320918649435e-04
4.765770281665027142e-04
2.517905086278915405e-04
3.679218061733990908e-04
9.119229071075096726e-05
3.612189029809087515e-04
2.697821764741092920e-04
3.367564931977540255e-04
5.887862644158303738e-04
4.583584959618747234e-04
5.229118396528065205e-04
2.400050143478438258e-04
3.488196816761046648e-04
1.355850399704650044e-04
4.389219975564628839e-04
1.666967436904087663e-04
4.270134959369897842e-04
3.643797826953232288e-04
6.720968522131443024e-04
2.429481974104419351e-04
4.642929125111550093e-04
6.697319913655519485e-04
8.719761390239000320e-04
5.768412374891340733e-04
3.839756827801465988e-04
2.013443736359477043e-04
3.254789626225829124e-04
3.636503533925861120e-04
3.792172647081315517e-04
3.132761339657008648e-04
5.247839726507663727e-04
3.505202184896916151e-04
3.232860763091593981e-04
5.446522845886647701e-04
3.331045154482126236e-04
8.965262677520513535e-04
1.148246155935339630e-04
1.628570171305909753e-04
5.719995242543518543e-04
2.685999206732958555e-04
2.287263632752001286e-04
4.425340157467871904e-04
2.832766913343220949e-04
2.836569037754088640e-04
3.647115081548690796e-04
4.915458266623318195e-04
1.988666772376745939e-04
1.902009535115212202e-04
1.584599085617810488e-04
4.563202091958373785e-04
4.128537839278578758e-04
4.166878352407366037e-04
3.474607947282493114e-04
2.549629425629973412e-04
2.380753576289862394e-04
3.503991174511611462e-04
2.428091684123501182e-04
3.552412090357393026e-04
5.198625149205327034e-04
2.463105192873626947e-04
3.429034841246902943e-04
4.996431525796651840e-04
3.116100560873746872e-04
3.038815921172499657e-04
2.834039332810789347e-04
3.493530384730547667e-04
2.494055952411144972e-04
4.710596986114978790e-04
1.269904169021174312e-04
5.892261979170143604e-04
4.213615320622920990e-04
4.117555508855730295e-04
4.540068039204925299e-04
2.968631160911172628e-04
3.155242593493312597e-04
2.261407207697629929e-04
3.366942692082375288e-04
4.298587446101009846e-04
6.808342295698821545e-04
4.589676391333341599e-04
3.107386291958391666e-04
2.624020562507212162e-04
6.320739630609750748e-04
3.413764061406254768e-04
5.979298730380833149e-04
3.054748231079429388e-04
3.453494573477655649e-04
2.513325889594852924e-04
3.286074788775295019e-04
3.668432764243334532e-04
4.997642245143651962e-04
3.367911558598279953e-04
2.432079927530139685e-04
6.891275988891720772e-04
5.038657691329717636e-04
2.192623942391946912e-04
1.878505718195810914e-04
4.009990370832383633e-04
1.246308238478377461e-04
3.377347020432353020e-04
4.531060985755175352e-04
3.282505203969776630e-04
4.691863723564893007e-04
2.989607746712863445e-04
1.098424545489251614e-04
2.792204322759062052e-04
3.157405881211161613e-04
2.626036002766340971e-04
2.598459250293672085e-04
2.817669883370399475e-04
4.277615225873887539e-04
2.569376374594867229e-04
2.156630653189495206e-04
1.722866436466574669e-04
2.725672966334968805e-04
5.195834673941135406e-04
2.960391284432262182e-04
2.578936400823295116e-04
2.468517923261970282e-04
3.600622294470667839e-04
1.981765235541388392e-04
3.709897282533347607e-04
2.334852615604177117e-04
2.655016724020242691e-04
2.464850840624421835e-04
3.156969323754310608e-04
2.892080228775739670e-04
2.768921840470284224e-04
3.515392018016427755e-04
3.122866037301719189e-04
3.356098895892500877e-04
2.761571668088436127e-04
2.211715764133259654e-04
2.857194340322166681e-04
4.013503785245120525e-04
3.455845871940255165e-04
1.550266169942915440e-04
3.780259576160460711e-04
1.447595714125782251e-04
2.450642641633749008e-04
2.993196249008178711e-04
2.981854195240885019e-04
2.341817453270778060e-04
3.085872158408164978e-04
3.912529500667005777e-04
1.765541237546131015e-04
4.314797988627105951e-04
1.449595438316464424e-04
2.900513063650578260e-04
4.691749927587807178e-04
1.314160763286054134e-04
3.978534077759832144e-04
1.764844491844996810e-04
2.244012866867706180e-04
2.543556620366871357e-04
2.141567238140851259e-04
7.005360675975680351e-04
1.757792342687025666e-04
3.201460640411823988e-04
3.101211623288691044e-04
2.757754118647426367e-04
2.209192170994356275e-04
2.668460656423121691e-04
2.482476411387324333e-04
4.568610747810453176e-04
3.236890479456633329e-04
5.102087161503732204e-04
3.155081649310886860e-04
5.076305824331939220e-04
3.301811229903250933e-04
3.928420483134686947e-04
2.661456237547099590e-04
4.512559971772134304e-04
5.365096149034798145e-04
2.961677091661840677e-04
4.527135170064866543e-04
2.715004084166139364e-04
2.458603703416883945e-04
2.485990407876670361e-04
3.586502862162888050e-04
6.669151480309665203e-04
1.839828328229486942e-04
3.202303778380155563e-04
3.022722085006535053e-04
4.891946446150541306e-04
3.835456445813179016e-04
2.298812178196385503e-04
2.570824581198394299e-04
4.263283044565469027e-04
3.851271176245063543e-04
3.179416526108980179e-04
5.246452055871486664e-04
5.270832334645092487e-04
3.547184460330754519e-04
5.341250798664987087e-04
1.284080790355801582e-04
3.519607125781476498e-04
6.392403738573193550e-04
4.554763727355748415e-04
5.970152560621500015e-04
2.094245719490572810e-04
2.969814522657543421e-04
3.726282739080488682e-04
4.847427771892398596e-04
3.170958370901644230e-04
2.968750195577740669e-04
6.249496364034712315e-04
3.161685308441519737e-04
1.319809234701097012e-04
3.860730794258415699e-04
4.399173776619136333e-04
1.821115438360720873e-04
2.776598266791552305e-04
2.759980270639061928e-04
3.503968473523855209e-04
3.765517612919211388e-04
4.140877863392233849e-04
2.103964361594989896e-04
6.730692111887037754e-04
2.809855504892766476e-04
9.522101026959717274e-05
3.153556608594954014e-04
4.806838114745914936e-04
3.123765345662832260e-04
4.551284946501255035e-04
3.189365961588919163e-04
3.100843459833413363e-04
2.724901132751256227e-04
1.882553624454885721e-04
4.605451831594109535e-04
3.835741372313350439e-04
2.297930186614394188e-04
3.436658589635044336e-04
3.387621836736798286e-04
3.816519456449896097e-04
1.694369420874863863e-04
3.512036055326461792e-04
3.271067398600280285e-04
2.416388306301087141e-04
4.979492514394223690e-04
5.022691329941153526e-04
2.193865511799231172e-04
1.756480050971731544e-04
2.362596278544515371e-04
4.171666223555803299e-04
2.482105046510696411e-04
1.768758229445666075e-04
2.756649628281593323e-04
4.547441203612834215e-04
2.434169000480324030e-04
4.098197096027433872e-04
2.095569943776354194e-04
2.512108767405152321e-04
3.789508482441306114e-04
3.947045770473778248e-04
3.347854362800717354e-04
3.388395707588642836e-04
1.255139795830473304e-04
3.328957827761769295e-04
5.159244174137711525e-04
2.145005419151857495e-04
3.205464745406061411e-04
1.245415187440812588e-04
2.235367282992228866e-04
4.246712487656623125e-04
3.269901208113878965e-04
4.380001337267458439e-04
6.338498205877840519e-04
4.350060771685093641e-04
2.843094407580792904e-04
2.216797147411853075e-04
4.934041062369942665e-04
3.161323256790637970e-04
2.138065028702840209e-04
4.236395470798015594e-04
2.733260334935039282e-04
3.391317150089889765e-04
7.083700038492679596e-04
2.151254593627527356e-04
3.781895211432129145e-04
2.002329274546355009e-04
5.055940127931535244e-04
2.946798340417444706e-04
3.085383214056491852e-04
2.580908476375043392e-04
2.015024656429886818e-04
5.641006282530725002e-04
1.343904441455379128e-04
3.223724197596311569e-04
3.338087990414351225e-04
5.294355796650052071e-04
2.719222684390842915e-04
1.858119503594934940e-04
3.536816802807152271e-04
2.963947190437465906e-04
2.697675372473895550e-04
2.527221804484724998e-04
3.488363872747868299e-04
2.861593966372311115e-04
2.347786066820845008e-04
3.650704456958919764e-04
6.604888476431369781e-04
3.622902149800211191e-04
3.492894466035068035e-04
3.329626342747360468e-04
3.006494953297078609e-04
3.938331210520118475e-04
5.784966051578521729e-04
3.001448349095880985e-04
6.292903563007712364e-04
2.299472835147753358e-04
3.708582371473312378e-04
3.413081867620348930e-04
3.525197971612215042e-04
3.778061945922672749e-04
3.424806927796453238e-04
3.514764830470085144e-04
2.974397211801260710e-04
2.776125911623239517e-04
2.311506250407546759e-04
4.777204012498259544e-04
3.810633788816630840e-04
2.376903576077893376e-04
2.985199971590191126e-04
1.894050801638513803e-04
2.950402558781206608e-04
2.668562810868024826e-04
3.357568057253956795e-04
6.444976897910237312e-04
3.425005124881863594e-04
2.462987031321972609e-04
7.667192257940769196e-04
6.482485332526266575e-04
4.165661812294274569e-04
3.047916688956320286e-04
3.691877936944365501e-04
5.796832847408950329e-04
1.619087997823953629e-04
1.275466347578912973e-04
3.838418924715369940e-04
5.828731227666139603e-04
1.978599029826000333e-04
2.898992970585823059e-04
2.461592084728181362e-04
3.735780192073434591e-04
2.910484327003359795e-04
4.686219035647809505e-04
2.261305053252726793e-04
2.884519926737993956e-04
3.374982916284352541e-04
4.893434816040098667e-04
3.330795152578502893e-04
2.820497320499271154e-04
3.357039531692862511e-04
3.275966737419366837e-04
4.070926224812865257e-04
4.460331401787698269e-04
2.838401123881340027e-04
1.097759304684586823e-04
2.671381225809454918e-04
3.119467000942677259e-04
1.100750756449997425e-03
2.048981987172737718e-04
3.287212166469544172e-04
4.012864956166595221e-04
1.233723160112276673e-04
3.617877955548465252e-04
3.102686605416238308e-04
3.548246168065816164e-04
2.847286523319780827e-04
2.914691867772489786e-04
1.021899006445892155e-04
3.889612853527069092e-04
3.546382358763366938e-04
2.186258643632754683e-04
3.140660992357879877e-04
1.948479184648022056e-04
3.986592346336692572e-04
1.422181085217744112e-04
2.745788951870054007e-04
4.386498767416924238e-04
8.517467358615249395e-05
2.947858592960983515e-04
2.707825333345681429e-04
4.317212733440101147e-04
3.787465975619852543e-04
2.130743814632296562e-04
2.416736388113349676e-04
5.199490115046501160e-04
2.484146680217236280e-04
4.585862625390291214e-04
2.392449678154662251e-04
2.358256024308502674e-04
2.223728224635124207e-04
5.802921368740499020e-04
3.415011742617934942e-04
2.747129474300891161e-04
2.345947286812588573e-04
2.620017330627888441e-04
2.830124576576054096e-04
4.313969984650611877e-04
3.024375764653086662e-04
1.787005749065428972e-04
1.420312619302421808e-04
3.533472190611064434e-04
5.307828541845083237e-04
7.353164837695658207e-04
1.153480727225542068e-03
1.590630708960816264e-04
1.392780832247808576e-04
4.057825135532766581e-04
4.020768683403730392e-04
2.635763084981590509e-04
2.868771844077855349e-04
2.286638627992942929e-04
1.584006968187168241e-04
3.865313192363828421e-04
2.475964429322630167e-04
6.710544112138450146e-04
1.065172327798791230e-04
4.427168460097163916e-04
2.717686875257641077e-04
2.193391264881938696e-04
3.288489824626594782e-04
4.582838446367532015e-04
8.909072494134306908e-04
4.334561526775360107e-04
1.464657252654433250e-04
4.408278618939220905e-04
1.947879645740613341e-04
3.675580373965203762e-04
2.674372808542102575e-04
2.422102843411266804e-04
4.937429330311715603e-04
5.950258928351104259e-04
2.483152493368834257e-04
2.699730976019054651e-04
3.744946734514087439e-04
3.698424261528998613e-04
3.459900326561182737e-04
5.455877399072051048e-04
2.556071558501571417e-04
1.991649769479408860e-04
2.784505486488342285e-04
4.174471832811832428e-04
5.118282278999686241e-04
2.703565696720033884e-04
3.179287305101752281e-04
3.232914023101329803e-04
8.419086225330829620e-04
2.541727735660970211e-04
5.703335045836865902e-04
1.422737550456076860e-04
3.648922138381749392e-04
1.529427099740132689e-04
7.124444236978888512e-04
3.522455517668277025e-04
5.924311699345707893e-04
8.006019634194672108e-04
2.103479055222123861e-04
1.543552352814003825e-04
4.115722840651869774e-04
5.524349398910999298e-04
1.906007673824205995e-04
3.178718034178018570e-04
3.030725056305527687e-04
2.144280442735180259e-04
5.859399097971618176e-04
3.203712403774261475e-04
2.689070824999362230e-04
2.208122750744223595e-04
1.714860700303688645e-04
6.207649130374193192e-04
2.627074427437037230e-04
3.598293405957520008e-04
3.308541199658066034e-04
2.388284046901389956e-04
2.675763389561325312e-04
3.860167344100773335e-04
3.173697332385927439e-04
3.437799750827252865e-04
7.771156379021704197e-04
6.361265550367534161e-04
1.571550819789990783e-04
4.800372698809951544e-04
3.307003353256732225e-04
3.807495813816785812e-04
3.087086661253124475e-04
1.726023474475368857e-04
7.327312487177550793e-04
3.293117333669215441e-04
3.831135982181876898e-04
2.875009959097951651e-04
2.709271211642771959e-04
4.353814292699098587e-04
3.181462816428393126e-04
3.300379612483084202e-04
1.625019795028492808e-04
4.178489325568079948e-04
2.561286964919418097e-04
2.315095043741166592e-04
3.802747814916074276e-04
2.951336500700563192e-04
3.401537833269685507e-04
3.811765054706484079e-04
3.639105707406997681e-04
3.372311184648424387e-04
4.499321512412279844e-04
2.879286766983568668e-04
2.747394901234656572e-04
2.978797128889709711e-04
2.825797419063746929e-04
3.837995463982224464e-04
3.199292405042797327e-04
1.802991027943789959e-04
2.290201373398303986e-04
1.267751358682289720e-04
4.037612816318869591e-04
2.629710652399808168e-04
3.758710518013685942e-04
4.225900338497012854e-04
2.649556845426559448e-04
1.996392820728942752e-04
2.882240514736622572e-04
5.162084707990288734e-04
4.192737687844783068e-04
5.019086529500782490e-04
4.101148806512355804e-04
4.357719444669783115e-04
4.187120939604938030e-04
2.918607788160443306e-04
2.268498792545869946e-04
1.547897554701194167e-04
3.041627933271229267e-04
2.320165076525881886e-04
2.858680672943592072e-04
4.053320153616368771e-04
2.506907039787620306e-04
2.007609291467815638e-04
1.625565491849556565e-04
4.923677188344299793e-04
2.401961392024531960e-04
3.016258706338703632e-04
3.326588193885982037e-04
3.833539085462689400e-04
2.882262924686074257e-04
3.381713177077472210e-04
7.349504739977419376e-04
4.825617070309817791e-04
4.089240683242678642e-04
6.812374340370297432e-04
4.738321586046367884e-04
2.386447886237874627e-04
2.251848200103268027e-04
6.027282797731459141e-04
4.138850490562617779e-04
2.550007193349301815e-04
3.701979876495897770e-04
4.263579903636127710e-04
3.190450079273432493e-04
3.638729685917496681e-04
4.879358457401394844e-04
2.651984104886651039e-04
2.522108843550086021e-04
3.329256724100559950e-04
2.156307600671425462e-04
2.802590024657547474e-04
4.346343048382550478e-04
2.786403929349035025e-04
3.537528973538428545e-04
3.647158446256071329e-04
3.680181980598717928e-04
4.896441241726279259e-04
3.015814290847629309e-04
5.041050608269870281e-04
2.759366761893033981e-04
2.944327716249972582e-04
3.744819259736686945e-04
3.361007838975638151e-04
1.993294426938518882e-04
3.986245137639343739e-04
2.940478152595460415e-04
3.748956369236111641e-04
3.146218950860202312e-04
3.654121246654540300e-04
4.135441849939525127e-04
2.129407221218571067e-04
3.345350269228219986e-04
8.869740995578467846e-04
4.640729457605630159e-04
4.592652257997542620e-04
4.283742164261639118e-04
4.317163256928324699e-04
1.391656551277264953e-04
1.214481235365383327e-04
5.292406422086060047e-04
9.946905629476532340e-05
2.357046614633873105e-04
2.757419424597173929e-04
2.359669742872938514e-04
3.021315496880561113e-04
2.467620070092380047e-04
4.262728325556963682e-04
3.570335102267563343e-04
1.972762693185359240e-04
1.068387762643396854e-03
1.892840518848970532e-04
4.727111954707652330e-04
2.818659413605928421e-04
2.421907120151445270e-04
2.951605129055678844e-04
1.247433247044682503e-04
4.221561830490827560e-04
3.890232474077492952e-04
5.190569208934903145e-04
3.858643758576363325e-04
2.918470127042382956e-04
1.893432781798765063e-04
1.494935422670096159e-04
6.820923881605267525e-04
3.895384725183248520e-04
3.792605130001902580e-04
2.202936448156833649e-04
2.358953788643702865e-04
1.707934425212442875e-04
2.790039870887994766e-04
2.965863095596432686e-04
5.355919129215180874e-04
1.275151589652523398e-04
1.846763479989022017e-04
4.053721786476671696e-04
2.044903376372531056e-04
3.504035703372210264e-04
1.886692771222442389e-04
4.535597981885075569e-04
1.741400628816336393e-04
2.132033405359834433e-04
2.158496645279228687e-04
2.292158023919910192e-04
2.959737903438508511e-04
2.990250359289348125e-04
2.588910574559122324e-04
1.403011119691655040e-04
4.095625772606581450e-04
1.975116902031004429e-04
2.961591817438602448e-04
1.564492849865928292e-04
1.121289387810975313e-04
3.652760642580688000e-04
3.614970482885837555e-04
2.425390557618811727e-04
5.409020232036709785e-04
1.084435425582341850e-04
2.620195446070283651e-04
8.396439370699226856e-04
2.819113433361053467e-04
4.191033076494932175e-04
1.212600836879573762e-04
3.196185862179845572e-04
9.081213502213358879e-04
2.440615789964795113e-04
5.814125761389732361e-04
3.208212147001177073e-04
2.301475615240633488e-04
6.584508228115737438e-04
2.013567427638918161e-04
7.789511582814157009e-04
2.057320525636896491e-04
3.644547250587493181e-04
2.037336525972932577e-04
2.145333710359409451e-04
2.742857905104756355e-04
4.474525048863142729e-04
2.621685853227972984e-04
1.914154709083959460e-04
3.562949132174253464e-04
4.746114136651158333e-04
2.895919897127896547e-04
2.116571267833933234e-04
2.294353325851261616e-04
2.569388016127049923e-04
3.990550467278808355e-04
2.278106985613703728e-04
2.433309564366936684e-04
3.379090630915015936e-04
2.262073830934241414e-04
4.274645179975777864e-04
5.453093908727169037e-04
2.544213202781975269e-04
5.003252881579101086e-04
2.479698741808533669e-04
4.060284991282969713e-04
5.391546874307096004e-04
9.476712439209222794e-04
2.860074164345860481e-04
4.367052169982343912e-04
3.633935702964663506e-04
3.036841517314314842e-04
2.108969638356938958e-04
7.980579975992441177e-04
4.451028944458812475e-04
4.274976090528070927e-04
3.698117798194289207e-04
3.799900005105882883e-04
2.508950128685683012e-04
3.379352274350821972e-04
5.257563898339867592e-04
2.332207077415660024e-04
6.871090736240148544e-04
3.788221220020204782e-04
1.786718785297125578e-04
2.382691600359976292e-04
1.588377781445160508e-04
3.458317369222640991e-04
2.959925623144954443e-04
2.858780499082058668e-04
2.824529074132442474e-04
4.134629562031477690e-04
2.034137869486585259e-04
3.102102200500667095e-04
1.285335165448486805e-04
1.884399243863299489e-04
4.481798096094280481e-04
1.711429213173687458e-04
5.196782876737415791e-04
3.007883206009864807e-04
5.659650196321308613e-04
2.570752403698861599e-04
3.949111269321292639e-04
3.459842118900269270e-04
3.013575915247201920e-04
5.588392959907650948e-04
4.198793903924524784e-04
2.812291495501995087e-04
6.947966176085174084e-05
8.478876552544534206e-04
3.456820268183946609e-04
4.077041521668434143e-04
3.082268231082707644e-04
4.182926495559513569e-04
1.739758008625358343e-04
2.042311389232054353e-04
5.519549013115465641e-04
5.564367747865617275e-04
3.577519673854112625e-04
3.451845550443977118e-04
2.462314441800117493e-04
3.685971023514866829e-04
3.645810938905924559e-04
4.196263907942920923e-04
1.612616761121898890e-04
3.280313103459775448e-04
3.666056436486542225e-04
7.403197814710438251e-04
3.148176765535026789e-04
4.555355117190629244e-04
7.229920011013746262e-04
1.322701573371887207e-04
4.020080959890037775e-04
1.648008328629657626e-04
3.210789873264729977e-04
8.771222201175987720e-04
2.924427681136876345e-04
4.765654739458113909e-04
2.486038720235228539e-04
5.728853284381330013e-04
3.745045687537640333e-04
3.485321067273616791e-04
7.620664546266198158e-04
4.034744051750749350e-04
4.198985989205539227e-04
2.509023470338433981e-04
1.858004397945478559e-04
3.264914848841726780e-04
3.450593794696033001e-04
1.721302687656134367e-04
2.342434454476460814e-04
4.611813346855342388e-04
1.944331015693023801e-04
4.032271972391754389e-04
2.854680933523923159e-04
2.304367226315662265e-04
1.954504550667479634e-04
6.514223059639334679e-04
1.817018783185631037e-04
4.215025983285158873e-04
1.742450695019215345e-04
1.673931983532384038e-04
2.215851854998618364e-04
5.046813166700303555e-04
2.923868305515497923e-04
4.428641113918274641e-04
4.089110007043927908e-04
3.678665962070226669e-04
3.555280854925513268e-04
5.193325341679155827e-04
2.477396919857710600e-04
6.186031387187540531e-04
5.566771724261343479e-04
2.197152643930166960e-04
1.905875105876475573e-04
5.198525614105165005e-04
3.633796295616775751e-04
3.835633397102355957e-04
3.097145527135580778e-04
8.154161623679101467e-04
3.530534158926457167e-04
3.814486262854188681e-04
2.391940215602517128e-04
2.181037707487121224e-04
3.569333348423242569e-04
3.981001209467649460e-04
5.723244976252317429e-04
5.397899658419191837e-04
1.692084042588248849e-04
2.634121046867221594e-04
2.556877152528613806e-04
3.412954392842948437e-04
2.742744982242584229e-04
3.510888782329857349e-04
3.298125811852514744e-04
2.704400685615837574e-04
3.989218093920499086e-04
3.068924415856599808e-04
2.932203351520001888e-04
3.141467750538140535e-04
2.220645546913146973e-04
1.220527119585312903e-04
2.910755574703216553e-04
1.251028152182698250e-04
4.071650037076324224e-04
2.088897599605843425e-04
4.357314610388129950e-04
4.936771583743393421e-04
1.758455473463982344e-04
5.144110764376819134e-04
2.800057409331202507e-04
4.650440241675823927e-04
5.926737212575972080e-04
1.616888039279729128e-04
3.537668089848011732e-04
3.468828799668699503e-04
6.732943584211170673e-04
1.688667252892628312e-04
3.256681666243821383e-04
5.548194749280810356e-04
2.274748403578996658e-04
3.688273136503994465e-04
2.934684453066438437e-04
2.134301321348175406e-04
3.158089821226894855e-04
3.048791841138154268e-04
3.495808632578700781e-04
4.535282787401229143e-04
1.624285068828612566e-04
4.189938772469758987e-04
2.765393583104014397e-04
2.700438490137457848e-04
4.776236892212182283e-04
5.336306639946997166e-04
3.187433176208287477e-04
3.589309635572135448e-04
4.295780381653457880e-04
3.211383591406047344e-04
3.102502960246056318e-04
2.997642732225358486e-04
3.284383856225758791e-04
2.348659763811156154e-04
9.822905994951725006e-04
1.462113432353362441e-04
4.282970912754535675e-04
3.555094881448894739e-04
1.991445315070450306e-04
2.363117382628843188e-04
3.396138490643352270e-04
5.191016825847327709e-04
5.045246798545122147e-04
3.147922980133444071e-04
2.531441568862646818e-04
1.874127628980204463e-04
2.287657844135537744e-04
1.553957699798047543e-04
2.653343544807285070e-04
2.766404068097472191e-04
5.107746692374348640e-04
1.404319482389837503e-04
4.692238871939480305e-04
3.378911060281097889e-04
4.612499615177512169e-04
2.962255966849625111e-04
6.188646075315773487e-04
3.934667038265615702e-04
1.582041586516425014e-04
6.178269395604729652e-04
3.377547836862504482e-04
5.072623025625944138e-04
3.068055375479161739e-04
2.524454321246594191e-04
2.559949061833322048e-04
2.888780436478555202e-04
2.721667115110903978e-04
2.357434277655556798e-04
4.093864117749035358e-04
4.217309469822794199e-04
4.248144978191703558e-04
1.441548083676025271e-04
2.571208751760423183e-04
3.266908461228013039e-04
4.927880945615470409e-04
1.660232519498094916e-04
5.266829393804073334e-04
5.014783819206058979e-04
2.430441381875425577e-04
1.895046880235895514e-04
5.526687600649893284e-04
3.814696683548390865e-04
3.509084635879844427e-04
5.541957216337323189e-04
3.089086094405502081e-04
2.228118391940370202e-04
3.075170388910919428e-04
4.025508533231914043e-04
3.830241330433636904e-04
2.648106892593204975e-04
3.071932878810912371e-04
7.454598671756684780e-04
4.576414357870817184e-04
1.426595699740573764e-04
5.880783428438007832e-04
5.912356427870690823e-04
2.179935254389420152e-04
5.425399867817759514e-04
3.021362936124205589e-04
5.160238943062722683e-04
2.357613266212865710e-04
4.468563420232385397e-04
9.066732309293001890e-05
4.251934587955474854e-04
4.346337809693068266e-04
4.753912508022040129e-04
2.528051263652741909e-04
1.877875329228118062e-04
4.182358097750693560e-04
1.933848543558269739e-04
2.938969118986278772e-04
5.447371513582766056e-04
2.545744937378913164e-04
1.965219853445887566e-04
4.418743192218244076e-04
1.523536338936537504e-04
1.684321905486285686e-04
2.437446673866361380e-04
3.224858955945819616e-04
1.860459306044504046e-04
4.913783632218837738e-04
3.907661302946507931e-04
2.638962469063699245e-04
5.030102329328656197e-04
4.417759482748806477e-04
3.276086354162544012e-04
2.888803719542920589e-04
3.385593299753963947e-04
2.686282095964998007e-04
2.168196078855544329e-04
4.293567035347223282e-04
6.802168791182339191e-04
4.903381341136991978e-04
2.182080061174929142e-04
4.925761604681611061e-04
3.308761515654623508e-04
1.771672687027603388e-04
1.696663093753159046e-04
2.210334205301478505e-04
3.113232669420540333e-04
6.035845726728439331e-04
1.800538593670353293e-04
3.738754894584417343e-04
4.357709258329123259e-04
2.755270688794553280e-04
6.433750386349856853e-04
4.134579503443092108e-04
4.822853952646255493e-04
4.251566424500197172e-04
2.057882957160472870e-04
1.274394162464886904e-04
2.368248678976669908e-04
4.223592113703489304e-04
3.126609663013368845e-04
3.288478183094412088e-04
4.310359654482454062e-04
4.781302995979785919e-04
5.045572179369628429e-04
2.579637512098997831e-04
1.907944388221949339e-04
2.830153389368206263e-04
3.467394271865487099e-04
3.599446208681911230e-04
1.273147208848968148e-04
2.099879930028691888e-04
5.645757773891091347e-04
4.488331614993512630e-04
3.219463396817445755e-04
3.216733166482299566e-04
1.802095357561483979e-04
3.820497950073331594e-04
5.686815129593014717e-04
1.374841085635125637e-04
2.456788497511297464e-04
3.718478546943515539e-04
5.911646294407546520e-04
2.210222446592524648e-04
2.086394670186564326e-04
2.789565187413245440e-04
5.028288578614592552e-04
2.992542576976120472e-04
2.516031672712415457e-04
3.082726907450705767e-04
3.363730211276561022e-04
3.994382277596741915e-04
1.841457706177607179e-04
3.412131045479327440e-04
4.720051656477153301e-04
4.616799124050885439e-04
4.427068633958697319e-04
2.875609498005360365e-04
1.914069580379873514e-04
2.857367508113384247e-04
3.282512188889086246e-04
3.665481344796717167e-04
4.116722266189754009e-04
1.976374187506735325e-04
2.701678895391523838e-04
3.160425112582743168e-04
3.048326761927455664e-04
3.810378839261829853e-04
3.212785813957452774e-04
2.975843381136655807e-04
3.132284327875822783e-04
1.557624200358986855e-04
1.534549955977126956e-04
3.518106532283127308e-04
1.976418716367334127e-04
4.459292104002088308e-04
2.010842144954949617e-04
2.079677069559693336e-04
3.090608515776693821e-04
3.165798552799969912e-04
2.608859795145690441e-04
2.443590492475777864e-04
2.096323296427726746e-04
1.828021777328103781e-04
2.897050289902836084e-04
5.702959024347364902e-04
2.761932555586099625e-04
5.139452405273914337e-04
2.614489931147545576e-04
3.201190556865185499e-04
2.237643202533945441e-04
4.100609803572297096e-04
3.540634352248162031e-04
4.059325437992811203e-04
4.120270896237343550e-04
2.449560561217367649e-04
3.575921000447124243e-04
3.498833393678069115e-04
4.290229990147054195e-04
3.533842973411083221e-04
3.568756510503590107e-04
2.368725399719551206e-04
7.212586933746933937e-04
2.999871794600039721e-04
5.511885974556207657e-04
3.284027625340968370e-04
2.388759749010205269e-04
5.526334280148148537e-04
2.356975164730101824e-04
2.782014780677855015e-04
4.119625664316117764e-04
2.532122889533638954e-04
2.543392765801399946e-04
3.798243415076285601e-04
5.259617464616894722e-04
2.318692277185618877e-04
1.290673244511708617e-04
6.944849737919867039e-04
3.782064304687082767e-04
3.834528324659913778e-04
3.425209433771669865e-04
2.404403348919004202e-04
5.628594080917537212e-04
4.258381086401641369e-04
4.023703804705291986e-04
5.037460359744727612e-04
1.546146231703460217e-04
1.165079011116176844e-04
2.785065153148025274e-04
2.825208939611911774e-04
3.905886842403560877e-04
3.569486434571444988e-04
3.021032607648521662e-04
2.953673829324543476e-04
2.686695370357483625e-04
4.158416995778679848e-04
4.473983135540038347e-04
2.377035561949014664e-04
4.180147661827504635e-04
2.489078324288129807e-04
1.772785326465964317e-04
5.804272368550300598e-04
2.454534696880728006e-04
1.870425185188651085e-04
4.043972585350275040e-04
2.913725911639630795e-04
3.217376652173697948e-04
5.558350821956992149e-04
1.801461185095831752e-04
2.473976346664130688e-04
3.939651651307940483e-04
6.161512574180960655e-04
3.018652496393769979e-04
2.983474987559020519e-04
4.929783754050731659e-04
5.404826370067894459e-04
6.340979598462581635e-04
5.304826772771775723e-04
3.710248565766960382e-04
1.682810107013210654e-04
1.902069343486800790e-04
5.861617974005639553e-04
4.299612774048000574e-04
3.445033216848969460e-04
3.734648053068667650e-04
1.818322925828397274e-04
1.842786296037957072e-04
5.477410741150379181e-04
4.568665171973407269e-04
2.560953435022383928e-04
2.451354812365025282e-04
5.455008940771222115e-04
7.112159510143101215e-04
4.063791129738092422e-04
4.093849274795502424e-04
3.256302734371274710e-04
4.136205534450709820e-04
2.609692164696753025e-04
1.508712302893400192e-04
2.808611316140741110e-04
2.694671566132456064e-04
5.347018013708293438e-04
2.202436880907043815e-04
2.919310354627668858e-04
2.547006297390908003e-04
3.230814763810485601e-04
4.159244708716869354e-04
3.583353536669164896e-04
3.010309592355042696e-04
4.390043613966554403e-04
2.258460153825581074e-04
1.865297817857936025e-04
6.096012075431644917e-04
3.029064391739666462e-04
5.186402122490108013e-04
2.677216252777725458e-04
2.716884773690253496e-04
3.295654023531824350e-04
2.876849030144512653e-04
1.827727101044729352e-04
2.550185890868306160e-04
2.647957589942961931e-04
5.768166738562285900e-04
3.398041008040308952e-04
1.130603341152891517e-04
2.531745994929224253e-04
2.564293390605598688e-04
3.842323203571140766e-04
4.222911957185715437e-04
5.802005180157721043e-04
2.644587657414376736e-04
2.257157902931794524e-04
2.666618383955210447e-04
2.429766318527981639e-04
2.539888373576104641e-04
8.400914957746863365e-04
6.196417962200939655e-04
5.643432377837598324e-04
1.371674006804823875e-04
2.830060548149049282e-04
2.640217717271298170e-04
3.894975525327026844e-04
4.417543823365122080e-04
4.589483141899108887e-04
2.278739557368680835e-04
2.183855394832789898e-04
2.094191877404227853e-04
4.147792933508753777e-04
4.805973439943045378e-04
6.149836699478328228e-04
3.499856975395232439e-04
2.170550578739494085e-04
4.334162513259798288e-04
3.242132079321891069e-04
1.306633203057572246e-04
1.339208974968641996e-04
2.268400858156383038e-04
1.595006469869986176e-04
1.185790752060711384e-04
3.305597056169062853e-04
3.094701096415519714e-04
3.500734746921807528e-04
6.175262387841939926e-04
1.596219954080879688e-04
2.551410871092230082e-04
3.969411773141473532e-04
3.788708709180355072e-04
4.115755436941981316e-04
3.567738167475908995e-04
2.830473822541534901e-04
2.333688171347603202e-04
5.473660421557724476e-04
4.930364084430038929e-04
5.446238210424780846e-04
4.035391611978411674e-04
2.347432455280795693e-04
4.702987207565456629e-04
3.963368071708828211e-04
2.429175219731405377e-04
2.629357913974672556e-04
2.184206969104707241e-04
2.670386456884443760e-04
3.251851885579526424e-04
2.868757583200931549e-04
3.196145698893815279e-04
2.922473358921706676e-04
3.885105834342539310e-04
2.353040472371503711e-04
2.051118644885718822e-04
1.846704835770651698e-04
2.428917796351015568e-04
3.001157310791313648e-04
2.162640303140506148e-04
3.914548724424093962e-04
3.567909297998994589e-04
2.873613557312637568e-04
2.519428671803325415e-04
3.519756719470024109e-04
2.720621123444288969e-04
1.758295984473079443e-04
2.632369287312030792e-04
2.733540313784033060e-04
4.153226618655025959e-04
3.524366475176066160e-04
3.060383605770766735e-04
3.416746621951460838e-04
1.837935706134885550e-04
5.562370060943067074e-04
1.593189517734572291e-04
6.142347119748592377e-04
1.911557483254000545e-04
3.370859485585242510e-04
4.192552878521382809e-04
3.395743260625749826e-04
1.766512868925929070e-04
2.943483123090118170e-04
6.569057586602866650e-04
2.625370107125490904e-04
4.114644543733447790e-04
2.156456612283363938e-04
3.130660625174641609e-04
1.891868159873411059e-04
4.208272730465978384e-04
6.009266944602131844e-04
3.347138117533177137e-04
4.934549215249717236e-04
2.628051151987165213e-04
6.186758400872349739e-04
3.883360768668353558e-04
4.911136929877102375e-04
4.361204628366976976e-04
3.001611912623047829e-04
7.351238746196031570e-04
8.853325271047651768e-04
6.057971622794866562e-04
1.265008759219199419e-04
2.650122914928942919e-04
2.975887036882340908e-04
1.326093770330771804e-04
3.098323650192469358e-04
8.052291814237833023e-04
2.822007809299975634e-04
4.339114238973706961e-04
1.813497074181213975e-04
5.059851682744920254e-04
4.271698417142033577e-04
2.724624646361917257e-04
2.586270566098392010e-04
7.758133579045534134e-04
5.368360434658825397e-04
2.407842839602380991e-04
5.234876298345625401e-04
4.200694093015044928e-04
5.411995225585997105e-04
2.255716535728424788e-04
3.380152047611773014e-04
4.658423131331801414e-04
1.184740831376984715e-04
1.880937197711318731e-04
3.477165009826421738e-04
2.556155377533286810e-04
4.795995773747563362e-04
3.217387129552662373e-04
2.557710686232894659e-04
1.540577068226411939e-04
3.332621708977967501e-04
2.068398316623643041e-04
6.274108309298753738e-04
2.856936480384320021e-04
2.318015904165804386e-04
2.299812767887488008e-04
3.259022487327456474e-04
2.526096941437572241e-04
3.924337215721607208e-04
3.605385136324912310e-04
2.160696749342605472e-04
1.393779675709083676e-04
2.179841249017044902e-04
1.212387142004445195e-04
5.012727342545986176e-04
3.377160755917429924e-04
6.177091854624450207e-04
5.016014329157769680e-04
2.954220108222216368e-04
2.265042858198285103e-04
1.992438628803938627e-04
1.656496606301516294e-04
1.612233172636479139e-04
2.543663722462952137e-04
2.873753837775439024e-04
5.353377782739698887e-04
1.721663284115493298e-04
3.782343992497771978e-04
1.773698750184848905e-04
2.915337681770324707e-04
1.471149007556959987e-04
2.199073787778615952e-04
1.819339959183707833e-04
2.017471560975536704e-04
1.924062380567193031e-04
6.152918213047087193e-04
3.006830811500549316e-04
3.629729908425360918e-04
3.058921138290315866e-04
2.434529742458835244e-04
2.514146617613732815e-04
1.595042413100600243e-04
3.456044069025665522e-04
1.825882063712924719e-04
1.788776571629568934e-04
2.286939270561560988e-04
2.594097750261425972e-04
3.039115690626204014e-04
3.739151288755238056e-04
2.140889992006123066e-04
2.840211091097444296e-04
2.534009690862149000e-04
6.811124039813876152e-04
2.773998712655156851e-04
4.703119629994034767e-04
1.181281404569745064e-04
2.494637155905365944e-04
4.036477475892752409e-04
3.075933782383799553e-04
2.668759843800216913e-04
1.871092390501871705e-04
3.181216306984424591e-04
2.826239506248384714e-04
5.505409790202975273e-04
2.761142386589199305e-04
2.418026706436648965e-04
3.980737819802016020e-04
2.079318946925923228e-04
4.609086900018155575e-04
3.332857741042971611e-04
1.900306233437731862e-04
4.536056658253073692e-04
3.441433364059776068e-04
4.807180084753781557e-04
3.754962235689163208e-04
3.390402707736939192e-04
3.565084771253168583e-04
5.291817942634224892e-04
5.130837089382112026e-04
5.085672019049525261e-04
5.265486543066799641e-04
4.803646879736334085e-04
4.651298222597688437e-04
1.828439126256853342e-04
1.469801209168508649e-04
1.906120305648073554e-04
4.150688182562589645e-04
1.636408123886212707e-04
2.033794589806348085e-04
1.846641098381951451e-04
2.600928128231316805e-04
4.312754317652434111e-04
3.334859502501785755e-04
2.222223556600511074e-04
3.038954455405473709e-04
5.253521958366036415e-04
2.947458415292203426e-04
2.084868901874870062e-04
1.709404168650507927e-04
2.434972848277539015e-04
3.495830460451543331e-04
5.215483834035694599e-04
3.466673078946769238e-04
3.145350492559373379e-04
6.908703362569212914e-04
3.927163488697260618e-04
5.005676066502928734e-04
4.881955683231353760e-04
5.428937729448080063e-04
2.401896927040070295e-04
7.832348346710205078e-04
1.596449437784031034e-04
5.463709239847958088e-04
2.897196682170033455e-04
4.655613156501203775e-04
2.330299757886677980e-04
1.478351623518392444e-04
2.216918073827400804e-04
4.569703596644103527e-04
1.756863202899694443e-04
4.188049933873116970e-04
2.257834275951609015e-04
3.177446196787059307e-04
3.765329893212765455e-04
8.423217223025858402e-04
4.043534572701901197e-04
4.065988177899271250e-04
2.169990475522354245e-04
6.068549118936061859e-04
3.835083916783332825e-04
3.780832339543849230e-04
2.266427472932264209e-04
2.377565979259088635e-04
5.704762879759073257e-04
3.432026132941246033e-04
1.241789723280817270e-04
3.476683050394058228e-04
2.621835737954825163e-04
2.415762137388810515e-04
3.573366848286241293e-04
3.280200471635907888e-04
5.086154560558497906e-04
4.851365229114890099e-04
2.495847002137452364e-04
1.400467735948041081e-04
2.554162056185305119e-04
1.634631043998524547e-04
4.017144092358648777e-04
4.591564647853374481e-04
1.258676929865032434e-04
2.590925723779946566e-04
3.239127108827233315e-04
4.349098599050194025e-04
2.880726533476263285e-04
2.027821610681712627e-04
3.397135005798190832e-04
2.999544667545706034e-04
6.325744325295090675e-04
4.017093742731958628e-04
1.380231697112321854e-04
2.874797501135617495e-04
5.903618293814361095e-04
1.693097001407295465e-04
4.977129283361136913e-04
6.327558658085763454e-04
2.649661619216203690e-04
5.688915261998772621e-04
2.243068593088537455e-04
3.670537553261965513e-04
2.058328536804765463e-04
4.407517262734472752e-04
1.613553031347692013e-04
2.151391527149826288e-04
2.102327271131798625e-04
3.529754467308521271e-04
2.319320628885179758e-04
2.092341455863788724e-04
2.588244678918272257e-04
3.983952046837657690e-04
2.312005235580727458e-04
2.311720163561403751e-04
4.486806865315884352e-04
1.659174449741840363e-04
3.324599529150873423e-04
3.754171775653958321e-04
2.788900746963918209e-04
2.723695361055433750e-04
4.629921750165522099e-04
5.328253610059618950e-04
4.001533088739961386e-04
1.941958180395886302e-04
3.223979438189417124e-04
3.860951110254973173e-04
5.661099567078053951e-04
1.388215168844908476e-04
4.568320000544190407e-04
2.643224142957478762e-04
4.987137508578598499e-04
2.897250233218073845e-04
1.713608071440830827e-04
2.069963811663910747e-04
2.310314157512038946e-04
4.946553963236510754e-04
4.428956599440425634e-04
3.988234966527670622e-04
3.706515126395970583e-04
3.607753897085785866e-04
2.737291797529906034e-04
3.322081465739756823e-04
3.736132930498570204e-04
3.605476522352546453e-04
1.587570732226595283e-04
4.429112887009978294e-04
4.707215412054210901e-04
3.400120767764747143e-04
3.147685492876917124e-04
2.197990397689864039e-04
1.563091791467741132e-04
3.448054485488682985e-04
2.061053819488734007e-04
2.696214360184967518e-04
2.966847969219088554e-04
2.579539723228663206e-04
2.685513172764331102e-04
3.687729767989367247e-04
3.047396894544363022e-04
3.277809300925582647e-04
2.861295943148434162e-04
5.000683013349771500e-04
3.287337021902203560e-04
3.421682631596922874e-04
4.952707095071673393e-04
1.066369295585900545e-04
5.925041041336953640e-04
4.663346335291862488e-04
3.805893647950142622e-04
3.153490542899817228e-04
3.949814708903431892e-04
3.889258368872106075e-04
3.885883197654038668e-04
3.422904119361191988e-04
7.271177601069211960e-04
2.829005243256688118e-04
3.276370698586106300e-04
3.582361969165503979e-04
3.310364263597875834e-04
7.261875434778630733e-04
2.219251473434269428e-04
4.106070846319198608e-04
3.191638097632676363e-04
2.590885269455611706e-04
2.797888300847262144e-04
5.287392996251583099e-04
3.787508758250623941e-04
2.543422742746770382e-04
3.227558918297290802e-04
9.657615446485579014e-04
3.110229736194014549e-04
4.042688524350523949e-04
3.482768661342561245e-04
2.013749472098425031e-04
2.494630462024360895e-04
2.759770140983164310e-04
4.455450689420104027e-04
3.822832368314266205e-04
2.770115097519010305e-04
2.829253498930484056e-04
3.927128855139017105e-04
2.303385554114356637e-04
6.304691778495907784e-04
2.728609251789748669e-04
1.441635686205700040e-04
4.314966790843755007e-04
4.055559111293405294e-04
1.012419234029948711e-03
3.018524730578064919e-04
3.712969773914664984e-04
2.544533635955303907e-04
8.272896520793437958e-04
3.519892052281647921e-04
3.384364827070385218e-04
1.534401380922645330e-04
4.180760006420314312e-04
1.973725593416020274e-04
1.626769226277247071e-04
2.543661394156515598e-04
1.330490777036175132e-04
1.748146751197054982e-04
3.547191445250064135e-04
2.051427436526864767e-04
4.077890189364552498e-04
4.514765460044145584e-04
2.407005813438445330e-04
2.730627020355314016e-04
9.271766757592558861e-04
3.301500400993973017e-04
7.688063778914511204e-04
2.950571943074464798e-04
4.263581940904259682e-04
1.759877923177555203e-04
3.647414851002395153e-04
3.031935484614223242e-04
7.573236944153904915e-04
3.097594890277832747e-04
2.218789450125768781e-04
3.649763530120253563e-04
3.479881852399557829e-04
4.428984830155968666e-04
1.466771354898810387e-04
2.524942101445049047e-04
3.587738901842385530e-04
4.467995604500174522e-04
6.425501196645200253e-04
5.441117100417613983e-04
2.324708329979330301e-04
4.781423194799572229e-04
5.109016201458871365e-04
4.628344031516462564e-04
2.540093264542520046e-04
3.283268888480961323e-04
2.294493897352367640e-04
1.999279920710250735e-04
3.274897753726691008e-04
4.136905772611498833e-04
3.243935934733599424e-04
2.265511866426095366e-04
2.636678982526063919e-04
4.743273893836885691e-04
4.189856408629566431e-04
1.621543342480435967e-04
4.008185060229152441e-04
3.590590495150536299e-04
3.213188319932669401e-04
2.191373641835525632e-04
2.360038633923977613e-04
4.360394086688756943e-04
2.437240182189270854e-04
2.071213239105418324e-04
2.552802034188061953e-04
3.126795054413378239e-04
4.691324429586529732e-04
5.988389020785689354e-04
2.184188924729824066e-04
2.764457312878221273e-04
2.423277328489348292e-04
4.514358297456055880e-04
3.623916709329932928e-04
4.699742712546139956e-04
1.701203582342714071e-04
4.888456896878778934e-04
1.555980561533942819e-04
4.272662044968456030e-04
2.054774813586845994e-04
1.779547164915129542e-04
5.753578152507543564e-04
2.511842467356473207e-04
4.120669036637991667e-04
3.379023401066660881e-04
5.028595332987606525e-04
4.643085412681102753e-04
4.247546312399208546e-04
8.172892848961055279e-04
2.627396315801888704e-04
1.249674969585612416e-04
2.324206870980560780e-04
3.706210118252784014e-04
2.304353110957890749e-04
7.173132034949958324e-04
2.389237488387152553e-04
1.965351257240399718e-04
4.216038796585053205e-04
3.995137521997094154e-04
6.670956499874591827e-04
2.335531753487884998e-04
1.923445233842357993e-04
1.156386104412376881e-03
2.076818200293928385e-04
4.062530933879315853e-04
2.543770824559032917e-04
1.804449857445433736e-04
2.977763360831886530e-04
4.948693676851689816e-04
1.518443605164065957e-04
5.720756016671657562e-04
4.197978123556822538e-04
4.331718373578041792e-04
2.350568684050813317e-04
3.975974395871162415e-04
2.110352652380242944e-04
5.381954251788556576e-04
4.369520465843379498e-04
2.249982644570991397e-04
5.908655584789812565e-04
4.344822955317795277e-04
4.968135035596787930e-04
2.214260457549244165e-04
4.453568544704467058e-04
1.036067114910110831e-04
9.699584334157407284e-04
1.862196222646161914e-04
3.593706642277538776e-04
6.036444101482629776e-04
6.897514685988426208e-04
2.102569997077807784e-04
4.230728955008089542e-04
4.418084572535008192e-04
2.236496220575645566e-04
1.615788933122530580e-04
5.664673517458140850e-04
3.424150054343044758e-04
2.447989245411008596e-04
1.890471612568944693e-04
2.057220699498429894e-04
3.792514617089182138e-04
5.970452912151813507e-04
4.263928276486694813e-04
3.466269699856638908e-04
4.847190575674176216e-04
2.286607486894354224e-04
2.964377345051616430e-04
5.523698055185377598e-04
3.157916944473981857e-04
1.010929699987173080e-03
7.059540948830544949e-04
3.371191269252449274e-04
1.585007994435727596e-04
6.216391338966786861e-04
4.317066923249512911e-04
1.946745178429409862e-04
2.571759105194360018e-04
6.699527148157358170e-04
3.900572191923856735e-04
5.374728934839367867e-04
2.872161858249455690e-04
3.607760590966790915e-04
3.435780236031860113e-04
3.484844055492430925e-04
3.605947713367640972e-04
3.022531454917043447e-04
4.946279805153608322e-04
2.684261417016386986e-04
4.624515713658183813e-04
1.943686220329254866e-04
4.230502818245440722e-04
3.037845890503376722e-04
4.127473803237080574e-04
2.686556545086205006e-04
1.951581216417253017e-04
1.260418066522106528e-04
2.238383603980764747e-04
4.080625076312571764e-04
2.199454320361837745e-04
2.862665860448032618e-04
4.404650244396179914e-04
2.034740027738735080e-04
2.884975401684641838e-04
3.782040439546108246e-04
3.149560361634939909e-04
2.567982883192598820e-04
5.785617395304143429e-04
2.950915659312158823e-04
2.153958921553567052e-04
1.010314881568774581e-04
4.235141968820244074e-04
5.310841952450573444e-04
1.905040844576433301e-04
4.173117049504071474e-04
1.737015991238877177e-04
2.383375976933166385e-04
2.794616157189011574e-04
7.278301636688411236e-04
2.980845456477254629e-04
4.105017869733273983e-04
3.011198423337191343e-04
5.869206506758928299e-04
3.680312947835773230e-04
3.525183710735291243e-04
2.879806561395525932e-04
1.698467676760628819e-04
2.735187590587884188e-04
1.604135177331045270e-04
3.221904626116156578e-04
4.787876969203352928e-04
4.746865306515246630e-04
4.610457690432667732e-04
4.224982985761016607e-04
5.739327170886099339e-04
3.104337374679744244e-04
4.755552799906581640e-04
3.905250341631472111e-04
2.246234944323077798e-04
1.673877559369429946e-04
4.270025528967380524e-04
2.730885753408074379e-04
2.513077342882752419e-04
4.883924266323447227e-04
