3.405080351512879133e-04
3.713128680828958750e-04
3.444737521931529045e-04
3.637156041804701090e-04
3.665319818537682295e-04
3.654251340776681900e-04
3.649686404969543219e-04
3.436555562075227499e-04
3.495246055535972118e-04
3.517398436088114977e-04
3.683338873088359833e-04
3.591276181396096945e-04
3.573101421352475882e-04
3.328951715957373381e-04
3.452764649409800768e-04
3.304260026197880507e-04
3.458719584159553051e-04
3.495937853585928679e-04
3.332315245643258095e-04
3.498312435112893581e-04
3.922020259778946638e-04
3.477007267065346241e-04
3.407993353903293610e-04
3.371288767084479332e-04
3.350550541654229164e-04
3.499240847304463387e-04
3.559851902537047863e-04
3.387765318620949984e-04
3.395835228729993105e-04
3.473905380815267563e-04
3.497282450553029776e-04
3.487778594717383385e-04
3.463703615125268698e-04
3.542692575138062239e-04
3.677438071463257074e-04
3.567229723557829857e-04
3.687842690851539373e-04
3.472047101240605116e-04
3.503809857647866011e-04
3.500120074022561312e-04
3.441836452111601830e-04
3.565379593055695295e-04
3.503254556562751532e-04
3.721730026882141829e-04
3.380756243132054806e-04
3.547134401742368937e-04
3.651367733255028725e-04
3.504603810142725706e-04
3.450029471423476934e-04
3.483634209260344505e-04
3.482075990177690983e-04
3.504672204144299030e-04
3.453317040111869574e-04
3.501503088045865297e-04
3.667055279947817326e-04
3.298274241387844086e-04
3.507593937683850527e-04
3.552905691321939230e-04
3.610694257076829672e-04
3.511147515382617712e-04
3.643747477326542139e-04
3.592388820834457874e-04
3.564312937669456005e-04
3.704733680933713913e-04
3.486882778815925121e-04
3.491386596579104662e-04
3.647104313131421804e-04
3.490544913802295923e-04
3.747441223822534084e-04
3.305356949567794800e-04
3.461999003775417805e-04
3.459338331595063210e-04
3.504765627440065145e-04
3.649739082902669907e-04
3.546791558619588614e-04
3.397331747692078352e-04
3.712970355991274118e-04
3.518908633850514889e-04
3.450166259426623583e-04
3.327185695525258780e-04
3.634176391642540693e-04
3.359344264026731253e-04
3.456160775385797024e-04
3.458947176113724709e-04
3.681142989080399275e-04
3.544397477526217699e-04
3.511895192787051201e-04
3.501778119243681431e-04
3.477094578556716442e-04
3.470989759080111980e-04
3.579815092962235212e-04
3.448098723310977221e-04
3.393652441445738077e-04
3.464935871306806803e-04
3.353592474013566971e-04
3.677186323329806328e-04
3.643366508185863495e-04
3.473637043498456478e-04
3.496931458357721567e-04
3.349649196024984121e-04
3.506228385958820581e-04
3.383193688932806253e-04
3.523375489749014378e-04
3.545607323758304119e-04
3.496075514703989029e-04
3.344382275827229023e-04
3.641213988885283470e-04
3.478771541267633438e-04
3.470074734650552273e-04
3.434937389101833105e-04
3.463287430349737406e-04
3.539185272529721260e-04
3.471699310466647148e-04
3.703903930727392435e-04
3.505994973238557577e-04
3.498563601169735193e-04
3.479204606264829636e-04
3.548711247276514769e-04
3.608071128837764263e-04
3.560557379387319088e-04
3.531397378537803888e-04
3.554500872269272804e-04
3.516304714139550924e-04
3.415553364902734756e-04
3.436498518567532301e-04
3.502382605802267790e-04
3.681777452584356070e-04
3.720509703271090984e-04
3.559519827831536531e-04
3.502142790239304304e-04
3.695960331242531538e-04
3.515747084747999907e-04
3.476281126495450735e-04
3.382358700037002563e-04
3.492451505735516548e-04
3.364075673744082451e-04
3.524375497363507748e-04
3.493932890705764294e-04
3.436392580624669790e-04
3.714887134265154600e-04
3.530176763888448477e-04
3.745946160051971674e-04
3.496409335639327765e-04
3.556979063432663679e-04
3.346954763401299715e-04
3.380811540409922600e-04
3.512714174576103687e-04
3.467361675575375557e-04
3.466700436547398567e-04
3.483313485048711300e-04
3.479353326838463545e-04
3.394672530703246593e-04
3.450394142419099808e-04
3.884747275151312351e-04
3.633698506746441126e-04
3.541265614330768585e-04
3.456425911281257868e-04
3.573113935999572277e-04
3.706876013893634081e-04
3.725709102582186460e-04
3.544744977261871099e-04
3.521740145515650511e-04
3.886251652147620916e-04
3.531060647219419479e-04
3.440857981331646442e-04
3.535878786351531744e-04
3.544706851243972778e-04
3.745271824300289154e-04
3.486127243377268314e-04
3.458348801359534264e-04
3.399519773665815592e-04
3.574733273126184940e-04
3.466276102699339390e-04
3.548439126461744308e-04
3.466530179139226675e-04
3.380332782398909330e-04
3.392308717593550682e-04
3.521618782542645931e-04
3.387971955817192793e-04
3.616317699197679758e-04
3.455569967627525330e-04
3.708856529556214809e-04
3.541179758030921221e-04
3.448774805292487144e-04
3.574176225811243057e-04
3.551586996763944626e-04
3.597145841922610998e-04
3.532255650497972965e-04
3.678062348626554012e-04
3.478528815321624279e-04
3.651878214441239834e-04
3.525315260048955679e-04
3.477306163404136896e-04
3.484646149445325136e-04
3.658109926618635654e-04
3.768371243495494127e-04
3.514507552608847618e-04
3.654942265711724758e-04
3.575923037715256214e-04
3.485768975224345922e-04
3.680691006593406200e-04
3.460296429693698883e-04
3.509306116029620171e-04
3.677798667922616005e-04
3.679344081319868565e-04
3.534661082085222006e-04
3.678373759612441063e-04
3.396587853785604239e-04
3.577784518711268902e-04
3.651242586784064770e-04
4.030269046779721975e-04
3.475165867712348700e-04
3.512425173539668322e-04
3.474885597825050354e-04
3.502665786072611809e-04
3.535700670909136534e-04
3.434636455494910479e-04
3.501879400573670864e-04
3.604152589105069637e-04
3.647150588221848011e-04
3.625837853178381920e-04
3.518042212817817926e-04
3.387365431990474463e-04
3.481556486804038286e-04
3.468036302365362644e-04
3.483208420220762491e-04
3.487076028250157833e-04
3.693753678817301989e-04
3.472222015261650085e-04
3.481066378299146891e-04
3.693872713483870029e-04
3.496826684568077326e-04
3.390836063772439957e-04
3.448507923167198896e-04
3.465173649601638317e-04
3.543435304891318083e-04
3.664979303721338511e-04
3.496761491987854242e-04
3.494303091429173946e-04
3.599142073653638363e-04
3.486368805170059204e-04
3.610534186009317636e-04
3.492572577670216560e-04
3.503205662127584219e-04
3.433086967561393976e-04
3.734808124136179686e-04
3.437748528085649014e-04
3.538929740898311138e-04
3.656640474218875170e-04
3.488393267616629601e-04
3.527930239215493202e-04
3.349300532136112452e-04
3.475741832517087460e-04
3.520619065966457129e-04
3.466501657385379076e-04
3.418022824916988611e-04
3.502424224279820919e-04
3.520798054523766041e-04
3.604406665544956923e-04
3.356923407409340143e-04
3.521488979458808899e-04
3.462630265858024359e-04
3.357696696184575558e-04
3.406337345950305462e-04
3.678102220874279737e-04
3.379018744453787804e-04
3.509859670884907246e-04
3.545210638549178839e-04
3.307865408714860678e-04
3.483096079435199499e-04
3.540908801369369030e-04
3.479987499304115772e-04
3.377973916940391064e-04
3.385167801752686501e-04
3.472509561106562614e-04
4.158529918640851974e-04
3.463555476628243923e-04
3.417035622987896204e-04
3.355822409503161907e-04
3.496025747153908014e-04
3.520445316098630428e-04
3.487443900667130947e-04
3.465286863502115011e-04
3.495370619930326939e-04
3.595540474634617567e-04
3.707786963786929846e-04
3.519873716868460178e-04
3.702742396853864193e-04
3.723839763551950455e-04
3.527566441334784031e-04
3.437552950344979763e-04
3.485231718514114618e-04
3.355756052769720554e-04
3.629313141573220491e-04
3.523812920320779085e-04
3.485200577415525913e-04
3.608238475862890482e-04
3.436100087128579617e-04
3.488356887828558683e-04
3.590270644053816795e-04
3.391337522771209478e-04
3.393511578906327486e-04
3.480582963675260544e-04
3.444282338023185730e-04
3.536175645422190428e-04
3.541009500622749329e-04
3.277916694059967995e-04
3.535158175509423018e-04
3.697126521728932858e-04
3.589939442463219166e-04
3.706750576384365559e-04
3.533365961629897356e-04
3.511811955831944942e-04
3.535096766427159309e-04
3.449534706305712461e-04
3.520934551488608122e-04
3.689961449708789587e-04
3.365082084201276302e-04
3.285673155914992094e-04
3.580926859285682440e-04
3.674903418868780136e-04
3.434483369346708059e-04
3.671790182124823332e-04
3.581136697903275490e-04
3.539414901752024889e-04
3.766137233469635248e-04
3.404930757824331522e-04
3.618548798840492964e-04
3.365752054378390312e-04
3.394081431906670332e-04
3.511309041641652584e-04
3.516714787110686302e-04
3.396395186427980661e-04
3.500665188767015934e-04
3.467169881332665682e-04
3.390898054931312799e-04
3.687583957798779011e-04
3.391347127035260201e-04
3.529716341290622950e-04
3.555204602889716625e-04
3.541616606526076794e-04
3.546948719304054976e-04
3.644962562248110771e-04
3.447400813456624746e-04
3.576863673515617847e-04
3.660357906483113766e-04
3.460829902905970812e-04
3.456958802416920662e-04
3.389320627320557833e-04
3.517544246278703213e-04
3.465956542640924454e-04
3.356306988280266523e-04
3.675145853776484728e-04
3.401653375476598740e-04
3.583389625418931246e-04
3.527695080265402794e-04
3.505635540932416916e-04
3.663284587673842907e-04
3.530942194629460573e-04
3.475989215075969696e-04
3.579956246539950371e-04
3.395557869225740433e-04
3.379852569196373224e-04
3.543325001373887062e-04
3.714108606800436974e-04
3.467710339464247227e-04
3.390753699932247400e-04
3.321056719869375229e-04
3.541856131050735712e-04
3.472430980764329433e-04
3.531991096679121256e-04
2.611488744150847197e-04
3.581948694773018360e-04
3.683994873426854610e-04
3.522987535689026117e-04
3.527222143020480871e-04
3.475003468338400126e-04
3.698516229633241892e-04
3.534356073942035437e-04
3.497587458696216345e-04
3.518225857987999916e-04
3.525765787344425917e-04
3.372126666363328695e-04
3.708706644829362631e-04
3.556065203156322241e-04
3.519825695548206568e-04
3.491861862130463123e-04
3.526505315676331520e-04
3.447680210229009390e-04
3.478961298242211342e-04
3.475899575278162956e-04
3.511466202326118946e-04
3.621296782512217760e-04
3.457932325545698404e-04
3.486014611553400755e-04
3.492403484415262938e-04
3.473823890089988708e-04
3.581515629775822163e-04
3.713165060617029667e-04
3.575623559299856424e-04
3.462425956968218088e-04
3.448829229455441236e-04
3.478814032860100269e-04
3.709441225510090590e-04
3.347472520545125008e-04
3.404861781746149063e-04
3.558975877240300179e-04
3.375000960659235716e-04
3.460610168986022472e-04
3.621659998316317797e-04
3.563126665540039539e-04
3.410869394429028034e-04
3.512856492307037115e-04
3.476493875496089458e-04
3.469409130048006773e-04
3.540498728398233652e-04
3.535058640409260988e-04
3.689402365125715733e-04
3.560765762813389301e-04
3.472921671345829964e-04
3.522680199239403009e-04
3.547395172063261271e-04
3.462847962509840727e-04
3.476747078821063042e-04
3.561142948456108570e-04
3.508329391479492188e-04
3.645398537628352642e-04
3.526088548824191093e-04
3.523298946674913168e-04
3.677837958093732595e-04
3.459743747953325510e-04
3.506750217638909817e-04
3.527311491779983044e-04
3.387747856322675943e-04
3.385229792911559343e-04
3.443919122219085693e-04
3.483110049273818731e-04
3.683432587422430515e-04
3.471248783171176910e-04
3.474977274890989065e-04
3.454464895185083151e-04
3.406543401069939137e-04
3.455115365795791149e-04
3.466197522357106209e-04
3.520747704897075891e-04
3.462622407823801041e-04
3.488424699753522873e-04
3.855185641441494226e-04
3.581937053240835667e-04
3.532848786562681198e-04
3.650717844720929861e-04
3.532353148330003023e-04
3.532012051437050104e-04
3.506475768517702818e-04
3.699093649629503489e-04
3.463395987637341022e-04
3.518670564517378807e-04
3.539560129866003990e-04
3.501496685203164816e-04
3.688441356644034386e-04
3.399897250346839428e-04
3.493503900244832039e-04
3.488204383756965399e-04
3.516919096000492573e-04
3.382063005119562149e-04
3.386274620424956083e-04
3.691370366141200066e-04
3.536962612997740507e-04
3.722658148035407066e-04
3.479783190414309502e-04
3.490710805635899305e-04
3.395381791051477194e-04
3.561797202564775944e-04
3.670030564535409212e-04
3.713876649271696806e-04
3.492507676128298044e-04
3.479268052615225315e-04
3.534092684276401997e-04
3.534431743901222944e-04
3.694626502692699432e-04
3.455810365267097950e-04
3.667710407171398401e-04
3.511451650410890579e-04
3.586456296034157276e-04
3.383352595847100019e-04
3.400440909899771214e-04
3.661298833321779966e-04
3.374303923919796944e-04
3.675282932817935944e-04
3.689465520437806845e-04
3.545167273841798306e-04
3.558975004125386477e-04
3.520625177770853043e-04
3.556681622285395861e-04
3.423345624469220638e-04
3.559448814485222101e-04
3.464916662778705359e-04
3.524626372382044792e-04
3.765516739804297686e-04
3.401318390388041735e-04
3.396577958483248949e-04
3.446218906901776791e-04
3.695349441841244698e-04
3.471365780569612980e-04
3.543139901012182236e-04
3.560626355465501547e-04
3.470286028459668159e-04
3.436517727095633745e-04
3.379980043973773718e-04
3.348433529026806355e-04
3.505343338474631310e-04
3.482573374640196562e-04
3.521587059367448092e-04
3.469757502898573875e-04
3.656424523796886206e-04
3.545224317349493504e-04
3.482696483843028545e-04
3.496859571896493435e-04
3.498368023429065943e-04
3.673213359434157610e-04
3.689538862090557814e-04
3.477384743746370077e-04
3.551031113602221012e-04
3.404998278710991144e-04
3.401921130716800690e-04
3.530394751578569412e-04
3.453124081715941429e-04
3.543655620887875557e-04
3.577336610760539770e-04
3.412846999708563089e-04
3.433222591411322355e-04
3.363994474057108164e-04
3.477377467788755894e-04
3.522675542626529932e-04
3.406031173653900623e-04
3.522238985169678926e-04
3.512568655423820019e-04
3.555619041435420513e-04
3.651865408755838871e-04
3.375670057721436024e-04
3.490307426545768976e-04
3.480154555290937424e-04
3.490671515464782715e-04
3.891643427778035402e-04
3.552771231625229120e-04
3.507202782202512026e-04
3.688430879265069962e-04
3.337501257192343473e-04
4.324842302594333887e-04
3.680725349113345146e-04
3.703776746988296509e-04
3.677006752695888281e-04
3.514084964990615845e-04
3.384180599823594093e-04
3.520318423397839069e-04
3.555080911610275507e-04
3.487675858195871115e-04
3.520492755342274904e-04
3.692983300425112247e-04
3.406819014344364405e-04
3.515032294671982527e-04
3.686563286464661360e-04
3.479518345557153225e-04
3.644891839940100908e-04
3.503776388242840767e-04
3.395485400687903166e-04
3.505563363432884216e-04
3.602640063036233187e-04
3.881053416989743710e-04
3.628333506640046835e-04
3.674922918435186148e-04
3.505610802676528692e-04
3.485498600639402866e-04
3.506536595523357391e-04
3.473800024949014187e-04
3.384150331839919090e-04
3.363421710673719645e-04
3.474560508038848639e-04
3.451070224400609732e-04
3.350537153892219067e-04
3.454216930549591780e-04
3.379876143299043179e-04
3.674755571410059929e-04
3.527110384311527014e-04
3.656376502476632595e-04
3.507785731926560402e-04
3.405336465220898390e-04
3.578205360099673271e-04
3.652317682281136513e-04
3.451435477472841740e-04
3.553528513293713331e-04
3.490279777906835079e-04
3.481335297692567110e-04
3.506998473312705755e-04
3.408448828849941492e-04
3.513406845740973949e-04
3.535008581820875406e-04
3.482842294033616781e-04
3.480968007352203131e-04
3.646990226116031408e-04
3.552448470145463943e-04
3.451498923823237419e-04
3.600020718295127153e-04
3.732455952558666468e-04
3.483651962596923113e-04
3.402958391234278679e-04
3.600509080570191145e-04
3.496917488519102335e-04
3.486904897727072239e-04
3.509591915644705296e-04
3.398676344659179449e-04
3.348553727846592665e-04
3.496157296467572451e-04
3.387676260899752378e-04
3.562479978427290916e-04
3.460657026153057814e-04
3.344251599628478289e-04
3.399958659429103136e-04
3.667084092739969492e-04
3.394212981220334768e-04
3.487600479274988174e-04
3.609738778322935104e-04
3.658898640424013138e-04
3.433279634919017553e-04
3.494972770567983389e-04
3.471395757514983416e-04
3.572007408365607262e-04
3.689746663440018892e-04
3.446067275945097208e-04
3.523809718899428844e-04
3.546779626049101353e-04
3.396162064746022224e-04
3.490995150059461594e-04
3.458808932919055223e-04
3.492092655505985022e-04
3.667300043161958456e-04
3.485760244075208902e-04
3.461762971710413694e-04
3.658692294266074896e-04
3.495995479170233011e-04
3.478455182630568743e-04
3.526048967614769936e-04
3.480791638139635324e-04
3.391674836166203022e-04
3.467801143415272236e-04
3.261406673118472099e-04
3.673755272757261992e-04
3.397591062821447849e-04
3.491498064249753952e-04
3.698362561408430338e-04
3.486551286187022924e-04
3.547493834048509598e-04
3.395353269297629595e-04
3.494980919640511274e-04
3.502366016618907452e-04
3.525286156218498945e-04
3.369535552337765694e-04
3.711750905495136976e-04
3.654282481875270605e-04
3.551330592017620802e-04
3.493935801088809967e-04
3.552643756847828627e-04
3.591808199416846037e-04
3.476878919173032045e-04
3.705654817167669535e-04
3.481051244307309389e-04
3.535843570716679096e-04
3.547740343492478132e-04
3.322720876894891262e-04
3.545518848113715649e-04
3.354258369654417038e-04
3.556467709131538868e-04
3.541659680195152760e-04
3.719010856002569199e-04
3.592913562897592783e-04
3.502308391034603119e-04
3.588355903048068285e-04
3.559946489986032248e-04
3.729736490640789270e-04
3.458164283074438572e-04
3.688278375193476677e-04
3.688363358378410339e-04
3.491114475764334202e-04
3.373659274075180292e-04
3.564061771612614393e-04
3.599986666813492775e-04
3.474118129815906286e-04
3.524926432874053717e-04
3.422990266699343920e-04
3.681068192236125469e-04
3.519889723975211382e-04
3.557071613613516092e-04
3.717379004228860140e-04
3.565640654414892197e-04
3.645682591013610363e-04
3.620782226789742708e-04
3.513036353979259729e-04
3.524070780258625746e-04
3.821446443907916546e-04
3.458531864453107119e-04
3.394241502974182367e-04
3.500092134345322847e-04
3.446914779487997293e-04
3.585047670640051365e-04
3.531163383740931749e-04
3.560223267413675785e-04
3.398141998331993818e-04
3.356396919116377831e-04
3.487286448944360018e-04
3.409216878935694695e-04
3.392056678421795368e-04
3.454783873166888952e-04
3.454461111687123775e-04
3.451108059380203485e-04
3.546219668351113796e-04
3.402402508072555065e-04
3.452407545410096645e-04
3.507565998006612062e-04
3.444467729423195124e-04
3.489123482722789049e-04
3.538574965205043554e-04
3.459117433521896601e-04
3.715117636602371931e-04
3.506710927467793226e-04
3.454058896750211716e-04
3.559759934432804585e-04
3.406265750527381897e-04
3.532479167915880680e-04
3.497356956358999014e-04
3.609679115470498800e-04
3.369349869899451733e-04
3.426195180509239435e-04
3.505410277284681797e-04
3.413796075619757175e-04
3.735749050974845886e-04
3.375718952156603336e-04
3.425959148444235325e-04
3.564101643860340118e-04
3.468838986009359360e-04
3.483507898636162281e-04
3.506684734020382166e-04
3.504981286823749542e-04
3.536500153131783009e-04
3.699782537296414375e-04
3.624064847826957703e-04
3.338381939101964235e-04
3.656785120256245136e-04
3.427036572247743607e-04
3.324170247651636600e-04
3.479432489257305861e-04
3.409150813240557909e-04
3.502661129459738731e-04
3.456782724242657423e-04
3.470204246696084738e-04
3.377018147148191929e-04
3.521288163028657436e-04
3.468524955678731203e-04
3.444219764787703753e-04
3.709212760441005230e-04
3.493814729154109955e-04
3.392406215425580740e-04
3.528411907609552145e-04
3.447500930633395910e-04
3.621884970925748348e-04
3.496317949611693621e-04
3.835693642031401396e-04
3.361652488820254803e-04
3.466051421128213406e-04
3.542354097589850426e-04
3.698858490679413080e-04
3.560275945346802473e-04
3.532852570060640574e-04
3.670863807201385498e-04
3.454158722888678312e-04
3.552557900547981262e-04
3.587503742892295122e-04
3.570576373022049665e-04
3.549356479197740555e-04
3.455199766904115677e-04
4.239673144184052944e-04
3.410563222132623196e-04
3.551400441210716963e-04
3.396519750822335482e-04
3.546952211763709784e-04
3.656915505416691303e-04
4.008694086223840714e-04
3.613668086472898722e-04
3.589165862649679184e-04
3.541374171618372202e-04
3.517194127198308706e-04
3.491457318887114525e-04
3.709371958393603563e-04
3.568014653865247965e-04
3.500947204884141684e-04
3.530674439389258623e-04
3.314515633974224329e-04
3.407277981750667095e-04
3.676347550936043262e-04
3.623693482950329781e-04
3.483066684566438198e-04
3.697058127727359533e-04
3.473017713986337185e-04
3.314881469123065472e-04
3.348157333675771952e-04
3.485599590931087732e-04
3.401205467525869608e-04
3.484619664959609509e-04
3.511344548314809799e-04
3.527390654198825359e-04
3.499576414469629526e-04
3.455244295764714479e-04
3.399222041480243206e-04
3.562924975994974375e-04
3.491192182991653681e-04
3.492078103590756655e-04
3.565660736057907343e-04
3.383934090379625559e-04
3.480173763819038868e-04
3.520887112244963646e-04
3.446964547038078308e-04
3.479007864370942116e-04
3.587430983316153288e-04
3.477119607850909233e-04
3.523519553709775209e-04
3.687016724143177271e-04
3.458184946794062853e-04
3.417846164666116238e-04
3.473190590739250183e-04
3.523851046338677406e-04
3.577993484213948250e-04
3.439180436544120312e-04
3.487768699415028095e-04
3.595245943870395422e-04
3.472301468718796968e-04
3.654878528323024511e-04
3.461563610471785069e-04
3.659416397567838430e-04
3.674899344332516193e-04
3.541304322425276041e-04
3.355777298565953970e-04
3.718908410519361496e-04
3.535258292686194181e-04
3.388551122043281794e-04
3.559198812581598759e-04
3.402940928936004639e-04
3.929162048734724522e-04
3.371068160049617290e-04
3.485177003312855959e-04
3.490994276944547892e-04
3.386872413102537394e-04
3.529134555719792843e-04
3.427911142352968454e-04
3.707409778144210577e-04
3.402022994123399258e-04
3.713931655511260033e-04
3.570956178009510040e-04
3.401648136787116528e-04
3.729808086063712835e-04
3.480474406387656927e-04
3.492608957458287477e-04
3.507826477289199829e-04
3.488837101031094790e-04
3.520828904584050179e-04
3.516278520692139864e-04
3.507616929709911346e-04
3.515780263114720583e-04
3.541270853020250797e-04
3.487879293970763683e-04
3.558855969458818436e-04
3.543857892509549856e-04
3.443547466304153204e-04
3.477263380773365498e-04
3.527450026012957096e-04
3.428056661505252123e-04
3.552473499439656734e-04
3.535051655489951372e-04
3.560847544576972723e-04
3.702751128003001213e-04
3.697000793181359768e-04
3.562321653589606285e-04
3.692436439450830221e-04
3.612164291553199291e-04
3.688371798489242792e-04
3.669631259981542826e-04
3.493805415928363800e-04
3.358376852702349424e-04
3.402483125682920218e-04
3.385567979421466589e-04
3.236770571675151587e-04
3.584576479624956846e-04
3.566793166100978851e-04
3.375058295205235481e-04
3.510218521114438772e-04
3.665328258648514748e-04
3.556908050086349249e-04
3.371913044247776270e-04
3.535985597409307957e-04
3.488794900476932526e-04
3.575709415599703789e-04
3.493411059025675058e-04
3.383937291800975800e-04
3.387034521438181400e-04
3.493621770758181810e-04
3.508364898152649403e-04
3.510705719236284494e-04
3.396224346943199635e-04
3.557298914529383183e-04
3.480232553556561470e-04
3.551593108568340540e-04
3.836209943983703852e-04
3.491973620839416981e-04
3.493588010314851999e-04
3.393020597286522388e-04
3.351428022142499685e-04
3.437047707848250866e-04
3.477691207081079483e-04
3.510329115670174360e-04
3.530822577886283398e-04
3.370229096617549658e-04
3.464358451310545206e-04
3.686231211759150028e-04
3.537261509336531162e-04
3.463156463112682104e-04
3.608325787354260683e-04
3.651418955996632576e-04
3.548957174643874168e-04
3.404090530239045620e-04
3.663818060886114836e-04
3.520837344694882631e-04
3.564059152267873287e-04
3.446166228968650103e-04
3.395975800231099129e-04
3.475816047284752131e-04
3.527942753862589598e-04
3.403215087018907070e-04
3.581542696338146925e-04
3.555001458153128624e-04
3.535331052262336016e-04
3.664125979412347078e-04
3.380535927135497332e-04
3.491141833364963531e-04
3.355277876835316420e-04
3.547685046214610338e-04
3.666576812975108624e-04
3.378841793164610863e-04
3.477573627606034279e-04
3.705450217239558697e-04
3.556470037437975407e-04
3.287135623395442963e-04
3.332867345307022333e-04
3.495406126603484154e-04
3.440220316406339407e-04
3.489133960101753473e-04
3.450295189395546913e-04
3.550194669514894485e-04
3.521390899550169706e-04
3.250913287047296762e-04
3.450661024544388056e-04
4.125632112845778465e-04
3.385606978554278612e-04
3.341862466186285019e-04
3.879259165842086077e-04
3.446457849349826574e-04
3.533969575073570013e-04
3.385960299056023359e-04
3.488766960799694061e-04
3.393852966837584972e-04
3.573164576664566994e-04
3.448193019721657038e-04
3.833072551060467958e-04
3.477993304841220379e-04
3.685695410240441561e-04
3.563046921044588089e-04
3.716009086929261684e-04
3.601899370551109314e-04
3.473729011602699757e-04
3.513329429551959038e-04
3.373384533915668726e-04
3.441857988946139812e-04
3.577458264771848917e-04
3.387544711586087942e-04
3.515245625749230385e-04
3.414184611756354570e-04
3.706793067976832390e-04
3.606604295782744884e-04
3.542726626619696617e-04
3.489475056994706392e-04
3.465536283329129219e-04
3.462691383901983500e-04
3.427786286920309067e-04
3.691584570333361626e-04
3.316845104563981295e-04
3.465811314526945353e-04
3.330706385895609856e-04
3.498155565466731787e-04
3.506427165120840073e-04
3.554999420884996653e-04
3.296161012258380651e-04
3.525515785440802574e-04
3.658917848952114582e-04
3.456579870544373989e-04
3.550279943738132715e-04
3.556179290171712637e-04
3.563788777682930231e-04
3.550851251929998398e-04
3.500245511531829834e-04
3.520438040141016245e-04
3.669297439046204090e-04
3.574361326172947884e-04
3.492734394967556000e-04
3.508361114654690027e-04
3.422536829020828009e-04
3.465526970103383064e-04
3.639640926849097013e-04
3.541879996191710234e-04
3.372856299392879009e-04
3.413015801925212145e-04
3.605198580771684647e-04
3.490393282845616341e-04
3.516268916428089142e-04
3.464017063379287720e-04
3.486091736704111099e-04
3.509243833832442760e-04
3.685456176754087210e-04
3.468257491476833820e-04
3.482000902295112610e-04
3.496068820822983980e-04
3.404927265364676714e-04
3.534587740432471037e-04
3.744190325960516930e-04
3.466557827778160572e-04
3.402364382054656744e-04
3.538107557687908411e-04
3.322900738567113876e-04
3.404985181987285614e-04
3.513274714350700378e-04
3.475124540273100138e-04
3.507208311930298805e-04
3.382663708180189133e-04
3.388157347217202187e-04
3.486351633910089731e-04
3.404276794753968716e-04
3.562008205335587263e-04
3.624540113378316164e-04
3.502870386000722647e-04
3.716701176017522812e-04
3.517180739436298609e-04
3.712921461556106806e-04
3.373769577592611313e-04
3.479736624285578728e-04
3.489097289275377989e-04
3.382084832992404699e-04
3.492647083476185799e-04
3.574279253371059895e-04
3.545978397596627474e-04
3.485882189124822617e-04
3.450599906500428915e-04
3.624920500442385674e-04
3.432618104852735996e-04
3.564872313290834427e-04
3.500238817650824785e-04
3.481194726191461086e-04
3.274777554906904697e-04
3.460235311649739742e-04
3.502296167425811291e-04
3.374459338374435902e-04
3.480667655821889639e-04
3.573629655875265598e-04
3.513503179419785738e-04
3.367704048287123442e-04
3.681386879179626703e-04
3.490248345769941807e-04
3.447197959758341312e-04
3.413366212043911219e-04
3.405986644793301821e-04
3.442643792368471622e-04
3.646255063358694315e-04
3.560451150406152010e-04
3.393249062355607748e-04
3.362545976415276527e-04
3.399731067474931479e-04
3.481962485238909721e-04
3.659690555650740862e-04
3.393458027858287096e-04
3.523145860526710749e-04
3.389759513083845377e-04
3.468469658400863409e-04
3.495583659969270229e-04
3.373747749719768763e-04
3.585105587262660265e-04
3.641134244389832020e-04
3.499187005218118429e-04
3.397483087610453367e-04
3.588236868381500244e-04
3.499340382404625416e-04
3.377743414603173733e-04
3.392291255295276642e-04
3.493740514386445284e-04
3.493495169095695019e-04
3.452234377618879080e-04
3.368280013091862202e-04
3.398075932636857033e-04
3.397258406039327383e-04
3.368778561707586050e-04
3.498315636534243822e-04
3.694949846249073744e-04
3.485034394543617964e-04
3.565899387467652559e-04
3.463414614088833332e-04
3.476531419437378645e-04
3.386996977496892214e-04
3.717674990184605122e-04
3.507074143271893263e-04
3.728721057996153831e-04
3.679711662698537111e-04
3.548510430846363306e-04
3.526835644152015448e-04
3.482786123640835285e-04
3.310260362923145294e-04
3.526040527503937483e-04
3.529775713104754686e-04
3.345738514326512814e-04
3.622178046498447657e-04
3.702552930917590857e-04
3.541417536325752735e-04
3.507504006847739220e-04
3.411821671761572361e-04
3.480281739030033350e-04
3.377598186489194632e-04
3.619384951889514923e-04
3.738148661796003580e-04
3.515143762342631817e-04
3.571588604245334864e-04
3.356244415044784546e-04
3.680798981804400682e-04
3.484318731352686882e-04
3.645406977739185095e-04
3.472947864793241024e-04
3.485897032078355551e-04
3.565086808521300554e-04
3.456542326603084803e-04
3.510346869006752968e-04
3.395739186089485884e-04
3.558418247848749161e-04
3.453269600868225098e-04
3.471502277534455061e-04
3.495647397357970476e-04
3.588566032703965902e-04
3.578086034394800663e-04
3.800026897806674242e-04
3.411870566196739674e-04
3.478159196674823761e-04
3.449207579251378775e-04
3.528640954755246639e-04
3.498040314298123121e-04
3.389618068467825651e-04
3.447262279223650694e-04
3.477294812910258770e-04
3.268962318543344736e-04
3.565599326975643635e-04
3.562433121260255575e-04
3.377794928383082151e-04
3.380449197720736265e-04
3.475205157883465290e-04
3.719830128829926252e-04
3.493306867312639952e-04
3.364758740644901991e-04
3.373539657332003117e-04
3.460551670286804438e-04
3.490270464681088924e-04
3.521798353176563978e-04
3.479545703157782555e-04
3.514198760967701674e-04
3.508487425278872252e-04
3.498483565635979176e-04
3.436921397224068642e-04
3.484321350697427988e-04
3.451252996455878019e-04
3.511829418130218983e-04
3.542864578776061535e-04
3.365364682395011187e-04
3.400149289518594742e-04
3.491483512334525585e-04
3.533340059220790863e-04
3.448442439548671246e-04
3.484937187749892473e-04
3.511575632728636265e-04
3.651262086350470781e-04
3.462450404185801744e-04
3.424241440370678902e-04
3.470829688012599945e-04
3.402081201784312725e-04
3.399286943022161722e-04
3.459264407865703106e-04
3.410347853787243366e-04
3.399224660824984312e-04
3.549866960383951664e-04
3.465201589278876781e-04
3.495055716484785080e-04
3.709013108164072037e-04
3.488668007776141167e-04
3.388855257071554661e-04
3.576311282813549042e-04
3.662249073386192322e-04
3.559661854524165392e-04
3.388549084775149822e-04
3.503490297589451075e-04
3.458962601143866777e-04
3.668213321361690760e-04
3.496017889119684696e-04
3.492313553579151630e-04
3.574131696950644255e-04
3.596698807086795568e-04
3.363818104844540358e-04
3.489863884169608355e-04
3.360937116667628288e-04
3.393535444047302008e-04
3.633552405517548323e-04
3.702104731928557158e-04
3.516346623655408621e-04
3.292950277682393789e-04
3.464292676653712988e-04
3.478564321994781494e-04
3.493768163025379181e-04
4.302470188122242689e-04
3.465432673692703247e-04
3.827108303084969521e-04
3.514262498356401920e-04
3.558714233804494143e-04
3.519550373312085867e-04
3.562820784281939268e-04
3.683974500745534897e-04
3.679125802591443062e-04
3.482149913907051086e-04
3.507344808895140886e-04
3.521817852742969990e-04
3.649831924121826887e-04
3.704871342051774263e-04
3.678496577776968479e-04
3.574337461031973362e-04
3.559224714990705252e-04
3.472307871561497450e-04
3.506132925394922495e-04
3.522678744047880173e-04
3.697560168802738190e-04
3.306540893390774727e-04
3.441286971792578697e-04
3.667531709652394056e-04
3.672409511636942625e-04
3.508483932819217443e-04
3.495812416076660156e-04
3.498014411889016628e-04
3.316405927762389183e-04
4.222224815748631954e-04
3.579036565497517586e-04
3.584802325349301100e-04
3.549013053998351097e-04
3.479186270851641893e-04
3.630735154729336500e-04
3.452386881690472364e-04
3.541855548974126577e-04
3.443098103161901236e-04
3.463809844106435776e-04
3.615053719840943813e-04
3.514631825964897871e-04
3.408260527066886425e-04
3.526282671373337507e-04
3.512678085826337337e-04
3.403730224817991257e-04
3.500867460388690233e-04
3.508771187625825405e-04
3.360124537721276283e-04
3.497991419862955809e-04
3.447649360168725252e-04
3.575622395146638155e-04
3.520959580782800913e-04
3.514398995321244001e-04
3.488357760943472385e-04
3.451431985013186932e-04
3.639629867393523455e-04
3.667617274913936853e-04
3.553054120857268572e-04
3.620112256612628698e-04
3.504249034449458122e-04
3.495434939395636320e-04
3.393952501937747002e-04
3.717678482644259930e-04
3.370382473804056644e-04
3.497920115478336811e-04
3.613479493651539087e-04
3.433450474403798580e-04
3.405431343708187342e-04
3.714327758643776178e-04
3.530667163431644440e-04
3.476699348539113998e-04
3.477778227534145117e-04
3.656535700429230928e-04
3.550498222466558218e-04
3.517157747410237789e-04
3.514710406307131052e-04
3.424063033889979124e-04
3.471529926173388958e-04
3.380076959729194641e-04
3.429813659749925137e-04
3.464943147264420986e-04
3.454259713180363178e-04
3.502360777929425240e-04
3.472960088402032852e-04
3.448454663157463074e-04
3.634285531006753445e-04
3.675822808872908354e-04
3.469126240815967321e-04
3.315939393360167742e-04
3.487589128781110048e-04
3.655848850030452013e-04
3.455263504292815924e-04
3.470824158284813166e-04
3.556939191184937954e-04
3.539444296620786190e-04
3.439385036472231150e-04
3.712131874635815620e-04
3.704188857227563858e-04
3.696742933243513107e-04
3.464396286290138960e-04
3.693960024975240231e-04
3.464779001660645008e-04
3.560150507837533951e-04
3.389703051652759314e-04
3.518936573527753353e-04
3.677637141663581133e-04
3.400690911803394556e-04
3.352557832840830088e-04
3.475542762316763401e-04
3.454678808338940144e-04
3.403656010050326586e-04
3.533374692779034376e-04
3.439431602600961924e-04
3.489475348033010960e-04
3.491678507998585701e-04
3.459565050434321165e-04
3.347816527821123600e-04
3.486858331598341465e-04
3.475163539405912161e-04
3.488499787636101246e-04
3.596509341150522232e-04
3.524539351928979158e-04
3.446758491918444633e-04
3.687056305352598429e-04
3.571440174710005522e-04
3.445876645855605602e-04
3.645307733677327633e-04
3.397054097149521112e-04
3.521083563100546598e-04
3.377811808604747057e-04
3.393855877220630646e-04
3.377878456376492977e-04
3.561732301022857428e-04
3.498978330753743649e-04
3.460171574261039495e-04
3.382125578355044127e-04
3.674453764688223600e-04
3.496065619401633739e-04
3.561903140507638454e-04
3.355433000251650810e-04
3.676038177218288183e-04
3.534863353706896305e-04
3.453819663263857365e-04
3.557341988198459148e-04
3.434213867876678705e-04
2.798192144837230444e-04
3.566298109944909811e-04
3.428221971262246370e-04
3.467646019998937845e-04
3.475412959232926369e-04
3.471428644843399525e-04
3.515084390528500080e-04
3.684424737002700567e-04
3.469439980108290911e-04
3.471516829449683428e-04
3.482430183794349432e-04
4.341689054854214191e-04
3.471806994639337063e-04
3.630528517533093691e-04
3.445251204539090395e-04
3.406764299143105745e-04
3.395511012058705091e-04
3.630576247815042734e-04
3.699139342643320560e-04
3.439349238760769367e-04
3.375117375981062651e-04
3.473621618468314409e-04
3.337760863360017538e-04
3.498173027765005827e-04
3.441041917540132999e-04
3.538666642270982265e-04
3.477542195469141006e-04
3.833939845208078623e-04
3.312364569865167141e-04
3.508300578687340021e-04
3.459822328295558691e-04
3.495387209113687277e-04
3.556707815732806921e-04
3.584832011256366968e-04
3.681709058582782745e-04
3.494606644380837679e-04
3.465677145868539810e-04
3.694965853355824947e-04
3.375916276127099991e-04
3.448006755206733942e-04
3.506047942209988832e-04
3.512522380333393812e-04
3.570462577044963837e-04
3.480884188320487738e-04
3.446325426921248436e-04
3.375087399035692215e-04
3.537572047207504511e-04
3.544863138813525438e-04
3.671872254926711321e-04
3.519909514579921961e-04
3.362975839991122484e-04
3.481915628071874380e-04
3.366582968737930059e-04
3.377977991476655006e-04
3.494783304631710052e-04
3.373334766365587711e-04
3.456197155173867941e-04
3.478285798337310553e-04
3.559737815521657467e-04
3.497567959129810333e-04
3.352264466229826212e-04
3.452568780630826950e-04
3.505886415950953960e-04
3.708295407705008984e-04
3.492876712698489428e-04
3.545215295162051916e-04
3.495786513667553663e-04
3.704310802277177572e-04
3.661707742139697075e-04
3.525298670865595341e-04
3.462262975517660379e-04
3.659817739389836788e-04
3.515496791806071997e-04
3.990173863712698221e-04
3.457099373918026686e-04
3.391016798559576273e-04
3.563566424418240786e-04
3.694763581734150648e-04
3.642193914856761694e-04
3.383563598617911339e-04
3.534255665726959705e-04
3.487628127913922071e-04
3.485833294689655304e-04
3.459781000856310129e-04
3.535802243277430534e-04
3.694269689731299877e-04
3.410375793464481831e-04
3.626047109719365835e-04
3.689690202008932829e-04
3.381232963874936104e-04
3.381979477126151323e-04
3.572492860257625580e-04
3.501503379084169865e-04
3.489287628326565027e-04
3.682720125652849674e-04
3.297764051239937544e-04
3.486506175249814987e-04
3.461067681200802326e-04
3.406828327570110559e-04
3.513045958243310452e-04
3.557073068805038929e-04
3.420896246097981930e-04
3.553086426109075546e-04
3.321878321003168821e-04
3.419421263970434666e-04
3.673366445582360029e-04
3.920937888324260712e-04
3.508049412630498409e-04
3.388054610695689917e-04
3.512382681947201490e-04
3.537457960192114115e-04
3.316230140626430511e-04
3.370725607965141535e-04
3.362432762514799833e-04
3.519298334140330553e-04
3.495856071822345257e-04
3.387763572391122580e-04
3.545309300534427166e-04
3.523137711454182863e-04
3.663923998828977346e-04
3.500679740682244301e-04
3.565980878192931414e-04
3.539633180480450392e-04
3.405407187528908253e-04
3.367797762621194124e-04
3.685255069285631180e-04
3.390450438018888235e-04
3.480465384200215340e-04
3.475195553619414568e-04
3.555283474270254374e-04
3.497682919260114431e-04
3.393929218873381615e-04
3.659502835944294930e-04
3.412564110476523638e-04
3.508057561703026295e-04
3.803726576734334230e-04
3.562284400686621666e-04
3.391877980902791023e-04
3.365255834069103003e-04
3.537045558914542198e-04
3.483974142000079155e-04
3.502388135530054569e-04
3.450248332228511572e-04
3.528060042299330235e-04
3.487725625745952129e-04
3.334262873977422714e-04
3.559882752597332001e-04
3.635048633441329002e-04
3.345453005749732256e-04
3.445192705839872360e-04
3.367210447322577238e-04
3.533918061293661594e-04
3.460565640125423670e-04
3.314202185720205307e-04
3.535870928317308426e-04
3.415081591811031103e-04
3.472706011962145567e-04
3.495044948067516088e-04
3.421242581680417061e-04
3.385261225048452616e-04
3.495948330964893103e-04
3.372658684384077787e-04
3.625818353611975908e-04
3.545079671312123537e-04
3.484554181341081858e-04
3.509110538288950920e-04
3.405267198104411364e-04
3.473045653663575649e-04
3.576285671442747116e-04
3.556739247869700193e-04
3.634531167335808277e-04
3.509877715259790421e-04
3.518144367262721062e-04
3.360694390721619129e-04
3.521864127833396196e-04
3.382878494448959827e-04
3.485631605144590139e-04
3.509808157104998827e-04
3.497491125017404556e-04
3.379354311618953943e-04
3.404248273000121117e-04
3.425014147069305182e-04
3.389997873455286026e-04
3.398212138563394547e-04
3.578831383492797613e-04
3.484461049083620310e-04
3.466784837655723095e-04
3.454205580055713654e-04
3.629068669397383928e-04
3.635398752521723509e-04
3.326552687212824821e-04
3.714821941684931517e-04
3.680737281683832407e-04
3.420841239858418703e-04
3.348374157212674618e-04
3.627028199844062328e-04
3.503596235532313585e-04
3.565458173397928476e-04
3.343611897435039282e-04
3.490418312139809132e-04
3.393020597286522388e-04
3.530341491568833590e-04
3.411331272218376398e-04
3.535508003551512957e-04
3.343773423694074154e-04
3.530882531777024269e-04
3.487021604087203741e-04
3.334990760777145624e-04
3.564723010640591383e-04
3.453781246207654476e-04
3.504052292555570602e-04
3.404632443562150002e-04
3.350361948832869530e-04
3.345684090163558722e-04
3.557998279575258493e-04
3.437176055740565062e-04
3.563060599844902754e-04
3.576981252990663052e-04
3.481574822217226028e-04
3.699445223901420832e-04
3.470948722679167986e-04
3.557070449460297823e-04
3.469204239081591368e-04
3.409876371733844280e-04
3.375658416189253330e-04
3.488343791104853153e-04
3.391785139683634043e-04
3.389582561794668436e-04
3.608734987210482359e-04
3.352286876179277897e-04
3.546948719304054976e-04
3.574414877220988274e-04
3.376740787643939257e-04
3.566642408259212971e-04
3.507108194753527641e-04
3.518136509228497744e-04
3.694287443067878485e-04
3.464792098384350538e-04
3.539767931215465069e-04
3.679079236462712288e-04
3.564902581274509430e-04
3.566664818208664656e-04
3.625077370088547468e-04
3.542797057889401913e-04
3.517949953675270081e-04
3.545617219060659409e-04
3.486747737042605877e-04
3.503472835291177034e-04
3.549486282281577587e-04
3.391010977793484926e-04
3.365649608895182610e-04
3.741961554624140263e-04
3.660376241896301508e-04
3.700691740959882736e-04
3.394114319235086441e-04
3.352563362568616867e-04
3.365021548233926296e-04
3.651114529930055141e-04
3.505464701447635889e-04
3.403142036404460669e-04
3.502175095491111279e-04
3.496152057778090239e-04
3.504604101181030273e-04
3.703278780449181795e-04
3.518992452882230282e-04
3.488807124085724354e-04
3.490555973257869482e-04
3.436054976191371679e-04
3.374291991349309683e-04
3.528517554514110088e-04
3.466633206699043512e-04
3.450051299296319485e-04
3.632872540038079023e-04
3.690638404805213213e-04
3.451716620475053787e-04
3.576087474357336760e-04
3.496893914416432381e-04
3.655854088719934225e-04
3.704026166815310717e-04
3.536350268404930830e-04
3.487739886622875929e-04
3.390871279407292604e-04
3.550031397026032209e-04
3.382450086064636707e-04
3.628233389463275671e-04
3.481014282442629337e-04
3.628520935308188200e-04
3.529895329847931862e-04
3.503389598336070776e-04
3.447707858867943287e-04
3.672619059216231108e-04
3.484888584353029728e-04
3.396306128706783056e-04
3.585734230000525713e-04
3.483264299575239420e-04
3.527309745550155640e-04
3.459361323621124029e-04
3.402475267648696899e-04
3.393558436073362827e-04
3.489858645480126143e-04
3.636287583503872156e-04
3.672821039799600840e-04
3.502032777760177851e-04
3.679249493870884180e-04
3.458090941421687603e-04
3.529959940351545811e-04
3.497490833979099989e-04
3.527739027049392462e-04
3.537175944074988365e-04
3.558431344572454691e-04
3.331463376525789499e-04
3.509036614559590816e-04
3.531070833560079336e-04
3.556949377525597811e-04
3.514282288961112499e-04
3.519946767482906580e-04
3.336491354275494814e-04
3.356738016009330750e-04
3.559906617738306522e-04
3.592466528061777353e-04
3.565213992260396481e-04
3.588026156648993492e-04
4.183797864243388176e-04
3.506411449052393436e-04
3.471050004009157419e-04
3.428473428357392550e-04
3.549325920175760984e-04
3.557594318408519030e-04
3.545863146428018808e-04
3.544726350810378790e-04
3.545453946571797132e-04
3.527145890984684229e-04
3.490357485134154558e-04
3.560812911018729210e-04
3.495559503789991140e-04
3.546245570760220289e-04
3.531332768034189939e-04
3.399663546588271856e-04
3.682567912619560957e-04
3.439010470174252987e-04
3.443097812123596668e-04
3.474265686236321926e-04
3.576441959012299776e-04
3.590647829696536064e-04
3.265851410105824471e-04
3.397589025553315878e-04
3.395611711312085390e-04
3.706000279635190964e-04
3.450147632975131273e-04
3.468579961918294430e-04
3.381001879461109638e-04
3.409296041354537010e-04
3.555515722837299109e-04
3.499870363157242537e-04
3.535925934556871653e-04
3.517557634040713310e-04
3.534935822244733572e-04
3.321459516882896423e-04
3.729759191628545523e-04
3.372657811269164085e-04
3.505134372971951962e-04
3.379523986950516701e-04
3.561731718946248293e-04
3.531772235874086618e-04
3.385112795513123274e-04
3.577160532586276531e-04
3.711975878104567528e-04
3.524083876982331276e-04
3.699032531585544348e-04
3.535884607117623091e-04
3.432751691434532404e-04
3.602403157856315374e-04
3.512829134706407785e-04
3.398819244466722012e-04
3.700904780998826027e-04
3.538340679369866848e-04
3.505245258565992117e-04
3.579286567401140928e-04
3.543673374224454165e-04
3.486109199002385139e-04
3.439072461333125830e-04
3.404968592803925276e-04
3.597858303692191839e-04
3.505125350784510374e-04
3.494287957437336445e-04
3.497325815260410309e-04
3.462820022832602262e-04
3.654402098618447781e-04
3.535979485604912043e-04
3.564114158507436514e-04
3.513875999487936497e-04
3.400520363356918097e-04
3.395057283341884613e-04
3.365113807376474142e-04
3.694622719194740057e-04
3.492065879981964827e-04
3.362188581377267838e-04
3.514265408739447594e-04
3.457619750406593084e-04
3.444158064667135477e-04
3.486264904495328665e-04
3.440931322984397411e-04
3.576119779609143734e-04
3.578453906811773777e-04
3.397273248992860317e-04
3.455893020145595074e-04
3.569673572201281786e-04
3.437329432927072048e-04
3.718397638294845819e-04
3.496319404803216457e-04
3.665427502710372210e-04
3.330883337184786797e-04
3.397735126782208681e-04
3.388963523320853710e-04
3.541844198480248451e-04
3.395761305000633001e-04
3.498596197459846735e-04
3.685169795062392950e-04
3.464244655333459377e-04
3.631484578363597393e-04
3.382887807674705982e-04
3.509477246552705765e-04
3.696664934977889061e-04
3.544556093402206898e-04
3.476078563835471869e-04
3.565934603102505207e-04
3.472499665804207325e-04
3.525547508616000414e-04
3.488766087684780359e-04
3.336306253913789988e-04
3.491329262033104897e-04
3.823103324975818396e-04
3.354342479724436998e-04
3.495989367365837097e-04
3.378605761099606752e-04
3.553491842467337847e-04
3.517958975862711668e-04
3.449431096669286489e-04
3.685800475068390369e-04
3.606693644542247057e-04
3.569468681234866381e-04
3.442674351390451193e-04
3.492526593618094921e-04
3.537455922923982143e-04
3.390011552255600691e-04
3.648676211014389992e-04
3.513964184094220400e-04
3.552541311364620924e-04
3.569476248230785131e-04
3.507333458401262760e-04
3.604913363233208656e-04
3.629378334153443575e-04
3.516864962875843048e-04
3.519902529660612345e-04
3.621649520937353373e-04
3.596104797907173634e-04
3.499136364553123713e-04
3.481636813376098871e-04
3.525069623719900846e-04
3.376535605639219284e-04
3.681261150632053614e-04
3.460860752966254950e-04
3.511326794978231192e-04
3.410477656871080399e-04
3.377890097908675671e-04
3.455514088273048401e-04
3.516255237627774477e-04
3.449577779974788427e-04
3.625226090662181377e-04
3.771018527913838625e-04
3.635669127106666565e-04
3.914520784746855497e-04
3.561454650480300188e-04
3.527289663907140493e-04
3.473366959951817989e-04
3.566258819773793221e-04
3.695984487421810627e-04
3.471628879196941853e-04
3.425182076171040535e-04
3.539178287610411644e-04
3.724929119925945997e-04
3.400129498913884163e-04
3.500506572891026735e-04
3.494957927614450455e-04
3.402582660783082247e-04
3.457186976447701454e-04
3.550940018612891436e-04
3.574948641471564770e-04
3.510285750962793827e-04
3.452532691881060600e-04
3.449369687587022781e-04
3.682724200189113617e-04
3.402280854061245918e-04
3.596870810724794865e-04
3.390410565771162510e-04
3.432368102949112654e-04
3.689493751153349876e-04
3.584863443393260241e-04
3.584720252547413111e-04
3.334057400934398174e-04
3.454147372394800186e-04
3.593177825678139925e-04
3.477108257357031107e-04
3.725657588802278042e-04
3.526218351908028126e-04
3.681933158077299595e-04
3.555340226739645004e-04
3.600316122174263000e-04
3.587165556382387877e-04
3.502627951093018055e-04
3.624210366979241371e-04
3.654716128949075937e-04
3.663006646092981100e-04
3.605181991588324308e-04
3.392017679288983345e-04
3.566846426110714674e-04
3.652637824416160583e-04
3.508217923808842897e-04
3.385382588021457195e-04
3.651049628388136625e-04
3.494478005450218916e-04
3.667668497655540705e-04
3.573440189938992262e-04
3.408568736631423235e-04
3.408089978620409966e-04
3.440272121224552393e-04
3.475533449091017246e-04
3.552556736394762993e-04
3.422412846703082323e-04
3.588800027500838041e-04
3.471555246505886316e-04
3.517505247145891190e-04
3.481889143586158752e-04
3.682571114040911198e-04
3.652586892712861300e-04
3.395775856915861368e-04
3.554320137482136488e-04
3.450986405368894339e-04
3.448273346293717623e-04
3.475454868748784065e-04
3.550442925188690424e-04
3.527647641021758318e-04
3.415271057747304440e-04
3.473700780887156725e-04
3.509277012199163437e-04
3.304872370790690184e-04
3.501659666653722525e-04
3.685541450977325439e-04
3.472238895483314991e-04
3.407995973248034716e-04
3.387259494047611952e-04
3.436832921579480171e-04
3.546478983480483294e-04
3.546150983311235905e-04
3.589241532608866692e-04
3.405574825592339039e-04
3.652503364719450474e-04
3.510149836074560881e-04
3.685894189402461052e-04
3.408822813071310520e-04
3.338934911880642176e-04
3.495009732432663441e-04
3.538595919962972403e-04
3.543813363648951054e-04
3.326681035105139017e-04
3.399834968149662018e-04
3.506027278490364552e-04
3.611436113715171814e-04
3.487587382551282644e-04
3.505730710458010435e-04
3.642748633865267038e-04
3.553297137841582298e-04
3.449404030106961727e-04
3.508946101646870375e-04
3.517644945532083511e-04
3.493639524094760418e-04
3.496622666716575623e-04
3.578646574169397354e-04
3.467449860181659460e-04
3.692970203701406717e-04
3.712434554472565651e-04
3.548621607478708029e-04
3.507507790345698595e-04
3.727117727976292372e-04
3.649618010967969894e-04
3.703907423187047243e-04
3.610479470808058977e-04
3.510529641062021255e-04
3.709138545673340559e-04
3.449310606811195612e-04
3.352146013639867306e-04
3.466460620984435081e-04
3.489895607344806194e-04
3.491930256132036448e-04
3.499794693198055029e-04
3.376754466444253922e-04
3.656481858342885971e-04
3.503225452732294798e-04
3.479693550616502762e-04
3.540855832397937775e-04
3.360320115461945534e-04
3.390702477190643549e-04
3.353592765051871538e-04
3.529060631990432739e-04
3.509245871100574732e-04
3.405334427952766418e-04
3.451064403634518385e-04
3.358231915626674891e-04
3.491409879643470049e-04
3.522007900755852461e-04
3.508990921545773745e-04
3.725892165675759315e-04
3.220559156034141779e-04
3.557211894076317549e-04
3.625590761657804251e-04
3.421073197387158871e-04
3.528019879013299942e-04
3.391962673049420118e-04
3.461992018856108189e-04
3.564071084838360548e-04
3.479330916889011860e-04
3.512272669468075037e-04
3.486994828563183546e-04
3.514212148729711771e-04
3.476030542515218258e-04
3.398926637601107359e-04
3.517214499879628420e-04
3.581684140954166651e-04
3.887365164700895548e-04
3.594844893086701632e-04
3.595608868636190891e-04
3.348336322233080864e-04
3.672128077596426010e-04
3.463898610789328814e-04
3.478519793134182692e-04
3.452273376751691103e-04
3.468277573119848967e-04
3.404574235901236534e-04
3.706288116518408060e-04
3.387251053936779499e-04
3.523750056046992540e-04
3.593533765524625778e-04
3.478389407973736525e-04
3.634903987403959036e-04
3.407305339351296425e-04
3.666179545689374208e-04
3.520699683576822281e-04
3.351123596075922251e-04
3.503163461573421955e-04
3.465906775090843439e-04
3.499549638945609331e-04
3.410302742850035429e-04
3.539734752848744392e-04
3.379370027687400579e-04
3.473274118732661009e-04
3.513320407364517450e-04
3.507172805257141590e-04
3.500275197438895702e-04
3.536054282449185848e-04
3.686404379550367594e-04
3.684278635773807764e-04
3.548026434145867825e-04
3.847724874503910542e-04
3.482109168544411659e-04
3.466141934040933847e-04
3.605537931434810162e-04
3.444401372689753771e-04
3.490822273306548595e-04
3.379069385118782520e-04
3.399741835892200470e-04
3.464878536760807037e-04
3.483654872979968786e-04
3.395186213310807943e-04
3.552716225385665894e-04
3.502070612739771605e-04
3.697805805131793022e-04
3.515506105031818151e-04
3.313368943054229021e-04
3.679017245303839445e-04
3.411310608498752117e-04
3.430455108173191547e-04
3.513834089972078800e-04
3.383595030754804611e-04
3.529822861310094595e-04
3.599350166041404009e-04
3.382064751349389553e-04
3.440408909227699041e-04
3.636563196778297424e-04
3.465289482846856117e-04
3.710243036039173603e-04
3.703928960021585226e-04
3.502091567497700453e-04
3.657526103779673576e-04
3.712343459483236074e-04
3.494802222121506929e-04
3.444559988565742970e-04
3.482929023448377848e-04
3.564226790331304073e-04
3.486341738607734442e-04
3.483612963464111090e-04
3.481276507955044508e-04
3.489192167762666941e-04
3.400506975594907999e-04
3.382433787919580936e-04
3.664308169391006231e-04
3.464096225798130035e-04
3.515389398671686649e-04
3.485593770164996386e-04
3.520153695717453957e-04
3.393382648937404156e-04
3.503321495372802019e-04
3.715970087796449661e-04
3.629312559496611357e-04
3.783367574214935303e-04
3.502186154946684837e-04
3.509951930027455091e-04
3.486691275611519814e-04
3.395739477127790451e-04
3.437445557210594416e-04
3.449716023169457912e-04
3.550753172021359205e-04
3.452590899541974068e-04
3.451226511970162392e-04
3.711048339027911425e-04
4.162331460975110531e-04
3.661395167000591755e-04
3.468552022241055965e-04
3.535918658599257469e-04
3.473585529718548059e-04
3.398661792743951082e-04
3.566195373423397541e-04
3.511520626489073038e-04
3.568124666344374418e-04
3.528018423821777105e-04
3.696415515150874853e-04
3.475093981251120567e-04
3.450432559475302696e-04
3.529512905515730381e-04
3.401478752493858337e-04
3.714174381457269192e-04
3.567060048226267099e-04
3.382503055036067963e-04
3.570470726117491722e-04
3.446002665441483259e-04
3.645060060080140829e-04
3.399288689251989126e-04
3.533310082275420427e-04
3.675371990539133549e-04
3.499570593703538179e-04
3.538717573974281549e-04
3.605582751333713531e-04
3.540487959980964661e-04
3.571950655896216631e-04
3.484614717308431864e-04
3.644774842541664839e-04
3.400511632207781076e-04
3.458628489170223475e-04
3.545107610989362001e-04
3.700287197716534138e-04
3.725180868059396744e-04
3.483211039565503597e-04
3.541875048540532589e-04
3.395735984668135643e-04
3.497995494399219751e-04
3.735803766176104546e-04
3.459800209384411573e-04
3.499598533380776644e-04
3.488044021651148796e-04
3.521475009620189667e-04
3.551940899342298508e-04
3.523133927956223488e-04
3.646659606602042913e-04
3.572176210582256317e-04
3.451572265475988388e-04
3.468506620265543461e-04
3.359433030709624290e-04
3.667440614663064480e-04
3.399150737095624208e-04
3.512973489705473185e-04
3.572385758161544800e-04
3.371757920831441879e-04
3.497528086882084608e-04
3.644825483206659555e-04
3.602080396376550198e-04
3.659829380922019482e-04
3.656397166196256876e-04
3.652327868621796370e-04
3.488506772555410862e-04
3.529086534399539232e-04
3.452260280027985573e-04
3.481661260593682528e-04
3.534751594997942448e-04
3.547233354765921831e-04
3.680008812807500362e-04
3.318586095701903105e-04
3.815898380707949400e-04
3.555937146302312613e-04
3.399290435481816530e-04
3.500467864796519279e-04
3.389264747966080904e-04
3.387348551768809557e-04
3.498983278404921293e-04
3.216016048099845648e-04
3.492598771117627621e-04
3.536211734171956778e-04
3.409456403460353613e-04
3.475775883998721838e-04
3.377596731297671795e-04
3.481535241007804871e-04
3.455310070421546698e-04
3.664995601866394281e-04
3.506120119709521532e-04
3.468185896053910255e-04
3.390482743270695210e-04
3.524272469803690910e-04
3.386737080290913582e-04
3.585657104849815369e-04
3.468126233201473951e-04
3.580006305128335953e-04
3.577906463760882616e-04
3.470136434771120548e-04
3.703904512804001570e-04
3.566805389709770679e-04
3.596823662519454956e-04
3.419677377678453922e-04
3.483878390397876501e-04
3.443773603066802025e-04
3.507204528432339430e-04
3.495779528748244047e-04
3.701098612509667873e-04
3.527892113197594881e-04
3.515833232086151838e-04
3.829602501355111599e-04
3.368905163370072842e-04
3.502985637169331312e-04
3.692577593028545380e-04
3.483539912849664688e-04
3.457193670328706503e-04
3.390123602002859116e-04
3.481191815808415413e-04
3.651036531664431095e-04
3.534180868882685900e-04
3.717624640557914972e-04
3.499186132103204727e-04
3.464010078459978104e-04
3.681560629047453403e-04
3.488921211101114750e-04
3.481187159195542336e-04
3.735194331966340542e-04
3.469621588010340929e-04
3.534368588589131832e-04
3.584399528335779905e-04
3.383357252459973097e-04
3.712892648763954639e-04
3.332453197799623013e-04
3.471612290013581514e-04
3.407297190278768539e-04
3.544777282513678074e-04
3.646452678367495537e-04
3.481029707472771406e-04
3.529776004143059254e-04
3.547993255779147148e-04
3.582724893931299448e-04
3.544576757121831179e-04
3.573727153707295656e-04
3.530800750013440847e-04
3.558030584827065468e-04
3.361324197612702847e-04
3.496134886518120766e-04
3.408571064937859774e-04
3.551690897438675165e-04
3.700256056617945433e-04
3.674267791211605072e-04
3.510754613671451807e-04
3.706020070239901543e-04
3.453007084317505360e-04
3.503711195662617683e-04
3.460403822828084230e-04
3.484245680738240480e-04
3.623178345151245594e-04
3.535996074788272381e-04
3.644459939096122980e-04
3.401578578632324934e-04
3.478422877378761768e-04
3.478702856227755547e-04
3.460374427959322929e-04
3.455139813013374805e-04
3.664126561488956213e-04
3.675963962450623512e-04
3.496698045637458563e-04
3.672305902000516653e-04
3.554470313247293234e-04
3.485765482764691114e-04
3.528334200382232666e-04
3.723544068634510040e-04
3.483149630483239889e-04
3.510523529257625341e-04
3.483608597889542580e-04
3.318812814541161060e-04
3.358901012688875198e-04
3.701389068737626076e-04
3.517987497616559267e-04
3.371650527697056532e-04
3.390499041415750980e-04
3.707917348947376013e-04
3.396908286958932877e-04
4.359987797215580940e-04
3.524931380525231361e-04
3.640086797531694174e-04
3.619572962634265423e-04
3.335851652082055807e-04
3.528598463162779808e-04
3.412114456295967102e-04
3.498571168165653944e-04
3.487742214929312468e-04
3.468441136647015810e-04
3.693521721288561821e-04
3.484118496999144554e-04
3.515652788337320089e-04
3.516752040013670921e-04
3.562390047591179609e-04
3.351831401232630014e-04
3.459801082499325275e-04
3.721239918377250433e-04
3.705603594426065683e-04
3.918230358976870775e-04
3.440662694629281759e-04
3.552879788912832737e-04
3.524166822899132967e-04
3.639444767031818628e-04
3.511827962938696146e-04
3.350108745507895947e-04
3.411453508306294680e-04
3.631480503827333450e-04
3.555838775355368853e-04
3.559586766641587019e-04
3.567397943697869778e-04
3.365431330166757107e-04
3.351656778249889612e-04
3.548120730556547642e-04
3.475078847259283066e-04
3.571212291717529297e-04
3.478855360299348831e-04
3.333107451908290386e-04
3.483143518678843975e-04
3.460715233813971281e-04
3.196063044015318155e-04
3.450378135312348604e-04
3.661433584056794643e-04
3.562636265996843576e-04
3.461535088717937469e-04
3.542773483786731958e-04
3.464252222329378128e-04
3.499278973322361708e-04
3.401774156372994184e-04
3.644854004960507154e-04
3.561345220077782869e-04
3.468882350716739893e-04
3.513780247885733843e-04
3.535225696396082640e-04
3.360582632012665272e-04
3.655266482383012772e-04
3.393696970306336880e-04
3.543191705830395222e-04
3.293310874141752720e-04
3.375807718839496374e-04
3.684812982100993395e-04
3.721604589372873306e-04
3.585547965485602617e-04
3.296225622761994600e-04
3.976913867518305779e-04
3.350430633872747421e-04
3.471278760116547346e-04
3.610346466302871704e-04
3.374410734977573156e-04
3.441790177021175623e-04
3.676452324725687504e-04
3.495332784950733185e-04
3.535445430316030979e-04
3.448427305556833744e-04
3.692487953230738640e-04
3.497172147035598755e-04
3.470335504971444607e-04
3.562017809599637985e-04
3.564034705050289631e-04
3.685234114527702332e-04
3.482911561150103807e-04
3.373999497853219509e-04
3.393643710296601057e-04
3.385330492164939642e-04
3.669306752271950245e-04
3.443310270085930824e-04
3.545670770108699799e-04
3.496242279652506113e-04
3.367542813066393137e-04
3.501621831674128771e-04
3.686627314891666174e-04
3.475445264484733343e-04
3.642214869614690542e-04
3.536600852385163307e-04
3.376126114744693041e-04
3.541282494552433491e-04
3.542126214597374201e-04
3.526665677782148123e-04
3.444242756813764572e-04
3.484196495264768600e-04
3.685376141220331192e-04
3.396847168914973736e-04
3.436330589465796947e-04
3.393887018319219351e-04
3.670789301395416260e-04
3.519435122143477201e-04
3.401206049602478743e-04
3.498114820104092360e-04
3.378870896995067596e-04
3.399594861548393965e-04
3.469921939540654421e-04
3.603394434321671724e-04
3.444521571509540081e-04
3.515947319101542234e-04
3.487325448077172041e-04
3.548481327015906572e-04
3.392691432964056730e-04
3.509556700009852648e-04
3.511835238896310329e-04
3.581583441700786352e-04
3.705078561324626207e-04
3.485762863419950008e-04
3.557569871190935373e-04
3.498922742437571287e-04
3.366220917087048292e-04
3.472747921478003263e-04
3.544905339367687702e-04
3.398253757040947676e-04
3.483643522486090660e-04
3.389534540474414825e-04
3.539806639309972525e-04
3.696668136399239302e-04
3.549166722223162651e-04
3.489694499876350164e-04
3.448923816904425621e-04
3.379918052814900875e-04
3.384932351764291525e-04
3.456456179264932871e-04
3.556121373549103737e-04
3.693097678478807211e-04
3.470898664090782404e-04
3.521622566040605307e-04
3.356853558216243982e-04
3.434737736824899912e-04
3.498434962239116430e-04
3.642341762315481901e-04
3.485105989966541529e-04
3.492227115202695131e-04
3.568572574295103550e-04
3.375810047145932913e-04
3.372805367689579725e-04
3.471376548986881971e-04
3.651118022389709949e-04
3.567447711247950792e-04
3.644482349045574665e-04
3.577078168746083975e-04
3.446968039497733116e-04
3.559447068255394697e-04
3.529664245434105396e-04
3.580283082555979490e-04
3.500141319818794727e-04
3.383689909242093563e-04
3.545919607859104872e-04
3.550036635715514421e-04
3.408349584788084030e-04
3.508728987071663141e-04
3.517136792652308941e-04
3.383562725502997637e-04
3.584444930311292410e-04
3.384429437573999166e-04
3.403828013688325882e-04
3.392881480976939201e-04
3.488870861474424601e-04
3.695985651575028896e-04
3.458126448094844818e-04
3.581412893254309893e-04
3.373810905031859875e-04
3.307573497295379639e-04
3.555416187737137079e-04
3.474878903944045305e-04
3.388103214092552662e-04
3.715519269462674856e-04
3.466961206868290901e-04
3.474002587608993053e-04
3.328199672978371382e-04
3.543220518622547388e-04
3.543367784004658461e-04
3.617192560341209173e-04
3.472808748483657837e-04
3.573331923689693213e-04
3.470061346888542175e-04
3.455737896729260683e-04
3.510575916152447462e-04
3.377614193595945835e-04
3.623693191912025213e-04
3.470331430435180664e-04
3.503883199300616980e-04
3.637946501839905977e-04
3.432296216487884521e-04
3.467667847871780396e-04
3.467441711109131575e-04
3.694161132443696260e-04
3.537090378813445568e-04
3.408373740967363119e-04
3.387944598216563463e-04
3.321364638395607471e-04
3.395748499315232038e-04
3.584631485864520073e-04
3.528805100359022617e-04
3.657978086266666651e-04
3.459019935689866543e-04
3.453344106674194336e-04
3.552991838660091162e-04
3.458506253082305193e-04
3.669600409921258688e-04
3.466391062829643488e-04
3.389003104530274868e-04
3.492835094220936298e-04
3.490672970656305552e-04
3.700788947753608227e-04
3.892265667673200369e-04
3.373945364728569984e-04
3.710152232088148594e-04
3.553466231096535921e-04
3.501966712065041065e-04
3.368113539181649685e-04
3.465533372946083546e-04
3.388858167454600334e-04
3.548683889675885439e-04
3.599477349780499935e-04
3.560260229278355837e-04
3.464761248324066401e-04
3.479465958662331104e-04
3.551375702954828739e-04
3.399240376893430948e-04
3.445566690061241388e-04
3.570237022358924150e-04
3.678708744700998068e-04
3.462703607510775328e-04
3.566033556126058102e-04
3.389335470274090767e-04
3.490008239168673754e-04
3.487996582407504320e-04
3.455828118603676558e-04
3.545983345247805119e-04
3.473938559181988239e-04
3.383223665878176689e-04
3.573686117306351662e-04
3.584316873457282782e-04
3.531980037223547697e-04
3.453323151916265488e-04
3.395072126295417547e-04
3.397505788598209620e-04
3.558149037417024374e-04
3.525129577610641718e-04
3.493096446618437767e-04
3.616526082623749971e-04
3.380534180905669928e-04
3.549171960912644863e-04
3.678017528727650642e-04
3.228158457204699516e-04
3.509695234242826700e-04
3.527006774675101042e-04
3.518098965287208557e-04
3.686620038934051991e-04
3.398916742298752069e-04
3.467662609182298183e-04
3.509800008032470942e-04
3.495436685625463724e-04
3.815176314674317837e-04
3.431720833759754896e-04
3.495172422844916582e-04
3.364840813446789980e-04
3.563890641089528799e-04
3.747148439288139343e-04
3.478263970464468002e-04
3.366808814462274313e-04
3.564898215699940920e-04
3.397416439838707447e-04
3.445947077125310898e-04
3.375778032932430506e-04
3.453249810263514519e-04
3.321145486552268267e-04
3.630430437624454498e-04
3.389016201253980398e-04
3.544410283211618662e-04
3.423493762966245413e-04
3.436202532611787319e-04
3.468984505161643028e-04
3.493978874757885933e-04
3.759232931770384312e-04
3.387000178918242455e-04
3.585369267966598272e-04
3.538128221407532692e-04
3.506065404508262873e-04
3.600136551540344954e-04
3.521986945997923613e-04
3.448644129093736410e-04
3.476293932180851698e-04
3.679757064674049616e-04
3.439944994170218706e-04
3.464964393060654402e-04
3.568225365597754717e-04
3.716471837833523750e-04
3.676141204778105021e-04
3.669952566269785166e-04
3.471719683147966862e-04
3.368204925209283829e-04
3.442273882683366537e-04
3.674528852570801973e-04
3.381410497240722179e-04
3.567324602045118809e-04
3.684216353576630354e-04
3.502119798213243484e-04
3.651523438747972250e-04
3.437443228904157877e-04
3.521801845636218786e-04
3.495879645925015211e-04
3.518829180393368006e-04
3.653836611192673445e-04
3.386136086191982031e-04
3.543811908457428217e-04
3.546006337273865938e-04
3.406922623980790377e-04
3.328152815811336040e-04
3.636174951680004597e-04
3.468749928288161755e-04
3.472784883342683315e-04
3.367676108609884977e-04
3.701193199958652258e-04
3.527671506162732840e-04
3.479931037873029709e-04
3.425985632929950953e-04
3.563635400496423244e-04
3.439715947024524212e-04
3.474339609965682030e-04
3.365819284226745367e-04
3.471386153250932693e-04
3.493067633826285601e-04
3.556272713467478752e-04
3.479353035800158978e-04
3.468270297162234783e-04
3.528634842950850725e-04
3.358362009748816490e-04
3.673555329442024231e-04
3.682918322738260031e-04
3.554327413439750671e-04
3.523292252793908119e-04
3.400337591301649809e-04
3.611170977819710970e-04
3.510699898470193148e-04
3.449479991104453802e-04
3.618610789999365807e-04
3.548221429809927940e-04
3.502152103465050459e-04
3.648683486972004175e-04
3.451040829531848431e-04
3.660473157651722431e-04
3.490039089228957891e-04
3.400920832064002752e-04
3.543482453096657991e-04
3.435662365518510342e-04
3.551515401341021061e-04
3.478554717730730772e-04
3.319861134514212608e-04
3.400856512598693371e-04
3.747215669136494398e-04
3.449978830758482218e-04
3.633379528764635324e-04
3.392389917280524969e-04
3.460441657807677984e-04
3.378130786586552858e-04
3.485349880065768957e-04
3.497804864309728146e-04
4.226718447171151638e-04
3.564326325431466103e-04
3.671788726933300495e-04
3.353221109136939049e-04
3.464094188529998064e-04
3.673247410915791988e-04
3.708101576194167137e-04
3.520291065797209740e-04
3.534964052960276604e-04
3.387161996215581894e-04
3.691901511047035456e-04
3.534091229084879160e-04
3.449038777034729719e-04
3.494780685286968946e-04
3.379174158908426762e-04
3.683687536977231503e-04
3.636053879745304585e-04
3.496842691674828529e-04
3.657095076050609350e-04
3.520297177601605654e-04
3.492604300845414400e-04
3.627010155469179153e-04
3.698876244015991688e-04
3.501408209558576345e-04
3.701392270158976316e-04
3.366684250067919493e-04
3.627121914178133011e-04
3.402719448786228895e-04
3.534917777869850397e-04
3.512951370794326067e-04
3.671878366731107235e-04
3.699335211422294378e-04
3.469066869001835585e-04
4.092511080671101809e-04
3.545976942405104637e-04
3.577939351089298725e-04
3.690755693241953850e-04
3.400446439627557993e-04
3.525697684381157160e-04
3.634691238403320312e-04
3.682082751765847206e-04
3.636913024820387363e-04
3.539083700161427259e-04
3.473668184597045183e-04
3.545971121639013290e-04
3.531867696437984705e-04
3.507302608340978622e-04
3.560127515811473131e-04
3.394203376956284046e-04
3.653533349279314280e-04
3.465916379354894161e-04
3.869663632940500975e-04
3.393746155779808760e-04
3.479152510408312082e-04
3.511559625621885061e-04
3.404529124964028597e-04
3.527355147525668144e-04
3.398533153813332319e-04
3.516000288072973490e-04
3.503510670270770788e-04
3.538301680237054825e-04
3.472610260359942913e-04
3.529007080942392349e-04
3.486723580863326788e-04
3.696407657116651535e-04
3.464561013970524073e-04
3.538092132657766342e-04
3.553073329385370016e-04
3.422601439524441957e-04
3.534076386131346226e-04
3.701035166159272194e-04
3.677237546071410179e-04
3.518472367431968451e-04
3.432104422245174646e-04
3.387709439266473055e-04
3.476568672340363264e-04
3.446442424319684505e-04
3.581261262297630310e-04
3.550174296833574772e-04
3.463203320279717445e-04
3.693243197631090879e-04
3.575120354071259499e-04
3.624247619882225990e-04
3.390421916265040636e-04
3.565637161955237389e-04
3.723561239894479513e-04
3.477270656730979681e-04
3.934471169486641884e-04
3.395394305698573589e-04
3.481503226794302464e-04
3.508809895720332861e-04
3.713494224939495325e-04
3.682899696286767721e-04
3.408629563637077808e-04
3.560735785868018866e-04
3.389022604096680880e-04
3.877377021126449108e-04
3.582420758903026581e-04
3.364599251653999090e-04
3.456707927398383617e-04
3.392700455151498318e-04
3.493621188681572676e-04
3.701136447489261627e-04
3.386361349839717150e-04
3.357691748533397913e-04
3.662242379505187273e-04
3.476832644082605839e-04
3.518786397762596607e-04
3.713093756232410669e-04
3.566025116015225649e-04
3.671231679618358612e-04
3.365261072758585215e-04
3.498966689221560955e-04
3.415779792703688145e-04
3.536303411237895489e-04
3.512066614348441362e-04
3.382106660865247250e-04
3.557500313036143780e-04
3.487271897029131651e-04
3.683615068439394236e-04
3.139012551400810480e-04
3.640004724729806185e-04
3.380897978786379099e-04
3.396788961254060268e-04
3.807894827332347631e-04
3.374542575329542160e-04
3.485753259155899286e-04
3.399787819944322109e-04
3.474610857665538788e-04
3.483807377051562071e-04
3.458318242337554693e-04
3.374880470801144838e-04
3.683418908622115850e-04
3.649161080829799175e-04
3.362237184774130583e-04
3.501610481180250645e-04
3.470036608632653952e-04
3.565663064364343882e-04
3.418021660763770342e-04
3.536939329933375120e-04
3.551073314156383276e-04
3.518586163409054279e-04
3.532557166181504726e-04
3.397847176529467106e-04
3.502080217003822327e-04
3.486194764263927937e-04
3.655829059425741434e-04
3.475106786936521530e-04
3.538786259014159441e-04
3.475175763014703989e-04
3.397101827431470156e-04
3.708433068823069334e-04
3.359492984600365162e-04
3.390914935152977705e-04
3.430515353102236986e-04
3.442904271651059389e-04
3.543873026501387358e-04
3.598089097067713737e-04
3.404561430215835571e-04
3.682194219436496496e-04
3.527688968461006880e-04
3.484915941953659058e-04
3.586094244383275509e-04
3.487656358629465103e-04
3.464231267571449280e-04
3.405801253393292427e-04
3.513662959448993206e-04
3.570865665096789598e-04
3.434361133258789778e-04
3.400136774871498346e-04
3.505983331706374884e-04
3.473584656603634357e-04
3.472689131740480661e-04
3.507575602270662785e-04
3.486272762529551983e-04
3.376080712769180536e-04
3.677928762044757605e-04
3.708993026521056890e-04
3.511197282932698727e-04
3.456122358329594135e-04
3.530510584823787212e-04
3.662244125735014677e-04
3.498293226584792137e-04
3.547990345396101475e-04
3.493374388199299574e-04
3.482380416244268417e-04
3.701449313666671515e-04
3.527745720930397511e-04
3.511367831379175186e-04
3.697720530908554792e-04
3.450744261499494314e-04
3.648753627203404903e-04
3.444532339926809072e-04
3.629174898378551006e-04
